0 0 0 0 -53.36409 -3000 4783.01 0 0 0
0 0 0 0 7646.159 -11463.09 5560.794 0 0 0
0 0 0 0 -1624.418 -5044 6976.34 0 0 0
0 0 0 0 7650.864 -11462.09 5590.453 0 0 0
0 0 0 0 7732.478 -11488.29 5170.915 0 0 0
0 0 0 0 7641.854 -11478.09 5526.575 0 0 0
0 0 0 0 5517.764 -10631.46 4289.707 0 0 0
0 0 0 0 7672.848 -11585.54 4916.953 0 0 0
0 0 0 0 5528.125 -10641.46 4319.052 0 0 0
0 0 0 0 5612.52 -10681.46 4409.772 0 0 0
0 0 0 0 -1609.198 -5044 6993.393 0 0 0
0 0 0 0 7653.25 -11469.09 5618.545 0 0 0
0 0 0 0 5563.053 -10661.46 4370.298 0 0 0
0 0 0 0 7657.023 -11478.09 5646.376 0 0 0
0 0 0 0 7700.559 -11469.28 5145.321 0 0 0
0 0 0 0 -1706.971 -5040 6844.563 0 0 0
0 0 0 0 -84.40869 -3000 4816.51 0 0 0
0 0 0 0 7557.242 -11534.54 4892.531 0 0 0
0 0 0 0 7640.959 -11569.54 4900.135 0 0 0
0 0 0 0 -1677.159 -5040 6878.111 0 0 0
0 0 0 0 -1592.778 -5044 7015.042 0 0 0
0 0 0 0 7740.298 -11497.28 5188.995 0 0 0
0 0 0 0 -66.86309 -3000 4802.808 0 0 0
0 0 0 0 7702.467 -11601.54 4935.459 0 0 0
0 0 0 0 -1705.974 -4010 4953.947 0 0 0
0 0 0 0 7680.669 -11459.28 5138.514 0 0 0
0 0 0 0 5586.407 -10671.46 4392.256 0 0 0
0 0 0 0 7729.525 -11614.54 4957.631 0 0 0
0 0 0 0 7720.467 -11481.28 5153.551 0 0 0
0 0 0 0 -1693.953 -5040 6863.737 0 0 0
0 0 0 0 7599.701 -11552.54 4892.045 0 0 0
0 0 0 0 -1693.236 -4010 4935.386 0 0 0
0 0 0 0 5544.323 -10651.46 4346.018 0 0 0
0 0 0 0 7762.369 -11634.54 4985.042 0 0 0
0 0 0 0 -1672.782 -4010 4923.177 0 0 0
1 59328 49152 0 5039.87 -10332.88 4034.831 30 1.445413E-06 6
1 59392 32768 0 5975.102 -10784.02 4593.198 15 1.445413E-06 6
1 0 49152 59360 -365.3033 -6272.9 10014.99 12 0 5
1 0 16384 6215 7439.998 -20862.05 16030 50 0 8
1 59328 32768 0 6410.738 -17620 12322.83 50 0 8
1 8192 32768 0 6490.002 -15989 8876.764 10 1.490116E-08 5
1 0 0 0 4815 -10020 5130.269 15 0 5
1 61952 49152 0 3140.486 -8495 6375.004 15 10 3
1 0 49152 59360 -95.30325 -6386.9 10014.99 12 0 7
1 59328 32768 0 6040.074 -15569 8007.919 30 1.490116E-08 6
1 0 16384 6215 6148.267 -21558 16045 50 0 8
1 0 16384 6215 -908.886 -3525.286 4824.765 30 0 6
1 59328 32768 0 6040.236 -15369 7607.002 30 1.490116E-08 6
1 59328 32768 0 6440.113 -14968 6906.357 30 1.490116E-08 6
1 0 16413 0 -1055.103 -6109.515 9378.601 20 0 8
1 49152 32768 0 7620.782 -11628.09 5440.004 30 0 6
1 61440 46080 0 7546.837 -11401.28 5098.078 15 0 6
1 61440 31744 0 7737.563 -11513.28 5209.354 12 -40 6
1 59392 32768 0 40.0006 -1496.436 2246.866 30 0 6
1 59328 0 0 4810.443 -10116.08 4380.462 30 1.445413E-06 4
1 0 32000 0 7716.89 -11740.09 5425.291 20 0 4
1 59463 49152 0 6830.003 -19603.74 15650 50 0 8
1 0 0 0 319.4668 -7471 7311.982 16 0 3
1 60672 49152 0 6057.882 -10784.94 4965 15 -4.61936E-07 7
1 49124 0 0 7620.021 -13213.1 5437.65 70 0 8
1 59328 32768 0 6460.738 -17077 11522.83 50 0 8
1 59328 32768 0 6420.738 -17620 12322.83 50 0 8
1 59328 16384 0 6897.723 -14466 6259.667 30 1.490116E-08 6
1 0 32768 0 6439.998 -15905 9229.978 15 -1.907349E-06 5
1 62112 49152 0 -927.5776 -6235.621 9354.7 30 0 4
1 0 32768 0 5976.228 -10687.02 4474.829 10 1.445413E-06 4
1 0 0 0 319.9966 -6461 9600 15 0 4
1 0 0 0 4805 -10020 5130.269 15 0 5
1 59463 32768 0 6419.997 -19143.74 15111.13 50 0 8
1 62112 49152 0 -927.5776 -6236.621 9344.7 30 0 4
1 39168 0 0 0 -281.5713 455.2466 30 0 5
1 59463 49152 0 6830.003 -19603.74 15640 50 0 8
1 0 16384 6215 7439.998 -20862.05 16020 50 0 8
1 59321 0 0 319.0461 -7001.655 8230.944 30 0 6
1 59392 32768 0 -1539.698 -5413.179 7615.597 30 0 6
1 59463 32768 0 -0.3659877 -2316.556 3726.626 30 0 8
1 39168 0 0 -30 -755.5713 1155.247 30 0 8
1 59328 32768 0 6440.11 -14769 6507.913 30 1.490116E-08 6
1 59328 32768 0 6470.738 -17077 11522.83 50 0 8
1 59463 32768 0 6409.997 -19143.74 15111.13 50 0 8
1 0 16384 0 7220.73 -14392 6253.999 15 -4.200001 4
1 0 0 0 4809.998 -10020 4680.004 15 0 3
1 0 16384 6215 6148.267 -21558 16055 50 0 8
2 0 0 59392 1825.2 -8640.613 6327.513 10 0 8
2 0 0 59392 2125.2 -8718.613 6327.513 10 0 8
2 0 0 59392 2025.2 -8692.613 6327.513 10 0 8
2 0 0 59392 1925.2 -8666.613 6327.513 10 0 8
3 0 4096 0 7660.321 -14609.97 6060.255 40 3.500002 0
4 24268 0 0 7600 -14500 5430 10 5 1
4 24268 0 0 7660 -14500 5430 10 5 1
4 15609 4096 64050 5976.278 -10689.23 4438.795 100 4 0
4 24268 0 0 7640 -14500 5430 10 5 1
4 0 49152 16704 7305.999 -14425 6255.003 25 4 20
4 24268 0 0 7580 -14500 5430 10 5 0
4 24268 0 0 7620 -14500 5430 10 5 1
4 54252 32768 64472 5975.178 -10696.04 4578.795 100 4 0
4 41740 32768 0 4810.017 -9989 4542.466 15 4 0
4 14999 0 0 5986.241 -10609.69 4346.962 97 9 0
5 0 49152 0 2491.912 -8856.688 6321.66 0 25 0
5 0 49152 0 2491.905 -8857.082 6426.165 0 25 0
7 0 2048 0 -1599.998 -6060 9081.118 8 100 0
7 0 49152 0 4380.004 -21975 16070 12 119 -19
7 0 0 0 7509.996 -11410.5 4700.004 12 40 0
7 0 49152 0 4700.004 -21975 16050 12 159 -19
7 0 0 0 8174.996 -20450 15650 14 60 0
7 0 49152 0 4700.004 -21975 16030 12 159 -19
7 0 0 0 6430.539 -17915 12876.32 10 20 0
7 0 256 0 6440.734 -15915 9525.949 15 59 -19
7 0 49152 0 4380.004 -21975 16030 12 119 -19
7 0 0 0 -1479.998 -6060 9051.118 8 100 0
7 0 49152 0 8189.997 -20450 16085 14 60 0
7 256 59554 7936 7908.932 -11719.14 5187.2 10 40 3
7 50773 64595 243 7673.173 -11623.08 5733.771 6.1 0 1
7 0 32768 0 320.0034 -6470 9596.273 14 60 0
7 0 49152 0 4700.004 -21975 16070 12 159 -19
7 59321 32768 0 319.992 -6491.336 8998.282 18 60 3
7 0 0 0 -1479.998 -6060 9081.118 8 100 0
7 0 49152 0 8189.997 -20450 16065 14 60 0
7 0 32768 0 320.0034 -6470 9306.273 14 60 0
7 0 49152 0 4380.004 -21975 16010 12 119 -19
7 0 0 0 6410.539 -17915 12906.32 10 20 0
7 0 256 0 6460.734 -15915 9585.949 15 59 -19
7 0 16384 0 426.2271 -7995 6318.257 5 10 3
7 0 256 0 6440.734 -15915 9585.949 15 59 -19
7 0 49152 0 8159.997 -20450 16085 14 60 0
7 0 16384 0 360.2271 -7995 6318.257 12 20 3
7 0 0 0 8224.996 -20450 15680 14 60 0
7 0 32768 0 329.5428 -7480 7315.334 5 2 3
7 0 16384 0 6449.997 -19440 15705 14 60 0
7 59321 32768 0 319.992 -6626.952 8798.282 18 60 3
7 0 0 0 8204.996 -20450 15680 14 60 0
7 0 0 0 -1539.998 -6060 9061.118 8 100 0
7 0 2048 0 -1579.998 -6060 9081.118 8 100 0
7 0 16384 0 6389.997 -19440 15645 14 60 0
7 0 16384 0 254.7773 -6570 10013.98 8 60 3
7 59321 32768 0 319.992 -6559.144 8898.282 18 60 3
7 0 0 0 6439.689 -15915 9197.975 15 259 -19
7 1280 59554 4352 7895.932 -11728.14 5179.2 10 40 3
7 64512 59042 9216 7918.932 -11707.14 5196.2 10 40 3
7 0 0 0 -1559.998 -6060 9061.118 8 100 0
7 0 32768 0 320.0034 -6470 9336.273 14 60 0
7 50773 64083 243 7693.173 -11620.08 5733.771 6.1 0 1
7 0 16384 0 6419.997 -19440 15675 14 60 0
7 0 16384 0 6479.997 -19440 15705 14 60 0
7 0 32768 0 7509.996 -11410.5 5140.004 12 40 0
7 2304 60578 2048 7878.327 -11731.64 5171.539 10 40 3
7 0 0 0 6410.539 -17915 12876.32 10 20 0
7 0 16384 59321 1360.003 -8608.495 6323.998 14.4 10 3
7 64597 63827 243 7726.602 -11751.65 5612.776 9.1 0 1
7 0 256 0 6420.734 -15915 9585.949 15 59 -19
7 0 49152 0 8219.996 -20450 16065 14 60 0
7 0 49152 0 4380.004 -21975 16110 12 119 -19
7 0 0 0 -1499.998 -6060 9051.118 8 100 0
7 0 32768 0 309.5428 -7480 7315.334 5 2 3
7 0 0 0 6430.539 -17915 12936.32 10 20 0
7 0 0 0 -1579.998 -6060 9051.118 8 100 0
7 0 0 0 8144.996 -20450 15620 14 60 0
7 0 0 0 6430.539 -17915 12906.32 10 20 0
7 0 0 0 6439.689 -15915 9170.975 15 19 -19
7 0 0 0 8234.996 -20450 15710 14 60 0
7 0 16384 0 6389.997 -19440 15665 14 60 0
7 64597 64851 243 7706.602 -11751.65 5610.776 8.1 0 1
7 0 0 0 8194.996 -20450 15650 14 60 0
7 0 49152 0 8219.996 -20450 16045 14 60 0
7 0 0 0 -1499.998 -6060 9081.118 8 100 0
7 0 0 0 6410.539 -17915 12936.32 10 20 0
7 0 0 0 8164.996 -20450 15620 14 60 0
7 0 16384 0 6419.997 -19440 15695 14 60 0
7 0 49152 0 4380.004 -21975 15990 12 119 -19
7 0 49152 0 4380.004 -21975 16050 12 119 -19
7 0 32768 0 320.0034 -6470 9566.273 14 60 0
7 0 16384 0 330.2271 -7995 6318.257 12 20 3
7 0 49152 0 8159.997 -20450 16105 14 60 0
7 0 0 0 8254.996 -20450 15710 14 60 0
7 0 256 0 6440.734 -15915 9555.949 15 59 -19
7 0 49152 0 8249.996 -20450 16045 14 60 0
7 0 0 0 -1519.998 -6060 9061.118 8 100 0
7 0 49152 0 4380.004 -21975 16090 12 119 -19
7 64597 65363 243 7686.602 -11751.65 5608.776 8.500002 0 1
7 0 0 0 7509.996 -11410.5 4670.004 12 40 0
7 0 49152 0 8249.996 -20450 16025 14 60 0
7 0 0 0 6439.689 -15915 9225.975 15 259 -19
8 0 32771 0 6440.004 -15915 9110.955 10 9.999998 1
8 0 513 0 319.9984 -6470 9639.996 -0.2 -0.2 12
8 0 16386 0 6039.996 -10790 4965.003 -0.2 -0.2 12
9 0 0 0 -763.2676 -6210 9430.458 0 0 8
B 1 4096 0 -647.4621 -6238 9814.988 3 0 106
B 65511 64000 65364 7302.962 -11302.37 4729.158 4 1 268.1899
B 0 0 0 827.1637 -8079.636 6325.878 8 60 3
B 0 16384 0 5986.241 -10718.59 4812.118 4 -4.61936E-07 7
B 0 16384 0 -1760.623 -4532.029 6139.347 4 0 3
B 0 52625 0 345.0014 -6466.888 9842.114 3 0 4
B 0 16384 0 -1540.649 -6020.999 8838.605 5 3 1
B 0 0 0 4024.984 -8873.236 6413.6 2 1.490116E-08 18
B 0 16384 0 -1760.623 -4502.029 6139.347 2 0 3
B 0 0 0 4024.984 -8901.236 6413.6 0 1.490116E-08 18
B 0 16409 0 7658.365 -14296.67 6253.071 10 7 -7
D 0 0 0 7661.005 -14605.3 6091 25 1.445413E-06 0
E 0 34658 0 3954.997 -22139 16129.81 12 120 -19
E 1 0 0 7710 -13145 5553.561 7712 -12950 5620
10 1 32768 0 7699.999 -14125.08 5595.002 2.861023E-06 8 1
10 61441 32768 0 7689.999 -13175.08 5595.002 2.861023E-06 8.499998 1
10 61441 0 0 7739.999 -13395.08 5595.002 2.861023E-06 8 1
10 61441 0 0 7739.999 -13915.08 5595.002 2.861023E-06 6 1
10 61441 32768 0 7699.999 -13715.08 5595.002 2.861023E-06 7 1
10 1 0 0 7739.999 -14295.08 5595.002 2.861023E-06 5 1
10 1 32768 0 5949.952 -10740.01 4964.792 -3.72529E-08 4.500001 1
13 0 49152 0 2555.003 -8735.004 6310 8 60 3
13 0 49152 0 -1295 -6240 9439.999 0 0 0
13 0 49152 0 2779.484 -8605.138 6438.736 8 60 3
13 0 49152 0 -1295 -6260 9419.999 0 0 0
13 0 49152 0 2853.484 -8555.138 6438.736 8 60 3
13 0 49152 0 2779.484 -8605.138 6310.997 8 60 3
13 0 49152 0 2853.484 -8555.138 6330.736 8 60 3
13 0 49152 0 2555.003 -8755.004 6310 8 60 3
13 0 0 0 -520 -6270 10015 12 120 -19
13 0 49152 0 2853.484 -8555.138 6310.736 8 60 3
13 0 49152 0 2555.003 -8755.004 6440 8 60 3
13 0 49152 0 -1315 -6260 9439.999 0 0 0
13 0 0 0 5810.256 -10770 4514.382 0 0 0
13 0 0 0 5810.256 -10790 4514.382 0 0 0
13 4096 0 0 5830.256 -10790 4514.382 0 0 0
13 0 0 0 -520 -6250 10015 12 120 -19
13 0 0 0 5810.256 -10790 4494.382 0 0 0
13 0 49152 0 -1295 -6260 9439.999 0 0 0
14 0 0 0 -763.2075 -6210 9429.133 0 1 8
14 0 0 0 7650.005 -14475 6070 2.1 3.500001 1
14 0 0 0 7650.005 -14475 6050 2.1 3.500001 1
14 0 0 0 7670.005 -14475 6070 2.1 3.500001 1
14 0 0 0 7660.304 -14605.3 6061 2.1 3.500001 1
14 0 0 0 7670.005 -14475 6050 2.1 3.500001 1
14 0 0 0 7650.005 -14475 6050 2.1 3.500001 1
19 0 39852 0 2830.73 -8554.993 6417.966 5 0 5
19 0 45056 0 2045.916 -9005 6426.2 10.8 -0.2 12
19 0 53257 0 -409.9321 -6270 9994.732 6 0 5
19 2164 32768 0 -766.1386 -6363.156 9802.243 12 0 2.745539E-06
19 0 16384 0 7599.221 -14355 6316.518 8 1 48
19 0 4096 0 5743.819 -10740 4359.289 11.8 -0.2 12
19 0 45056 0 380.0266 -6570 9963.966 9 0 2.745539E-06
19 0 28672 0 6412.722 -15915 9137.163 13 0 0
19 0 49152 0 6017.569 -10690.02 4414.688 4 0 5
19 0 49152 0 -1386.671 -6260 9362.368 0 0 0
19 0 24576 1 3828.832 -22173.99 16162.31 11 0 0
19 0 61440 0 349.5719 -6470 9623.936 3 0 0
19 0 49152 0 -545.4404 -6270 9988.224 2 0 5
19 0 16384 0 7590.238 -14455 6176.293 7 1 48
1B 0 0 0 7660.005 -14605.3 6041 2.1 3.500001 1
20 0 24576 0 5813.102 -10790 4512.807 1 0 5
20 0 8192 0 6377.904 -15950 8672.651 1.799999 -0.2 12
20 0 37303 0 -1296.784 -6260 9437.674 2 0 0
20 47616 14467 40960 385.1991 -6556 9973.154 1 0 2.745539E-06
21 530 6640 0 7709.269 -14453 6192.906 20 0 0
21 32 0 160 -1598.256 -6238.441 9282.771 5 0 0
21 33 49257 256 249.8164 -6469 9076.522 1.799999 -0.2 12
21 544 51429 224 7669.008 -14520 5615.393 41 0 0
21 32 34952 256 382.2254 -6470 9700.106 7.799999 -0.2 12
21 16 38242 80 2805.995 -8505 6374.999 9.999996 0.8 0
21 16 53060 144 2116.534 -9005 6336.775 14 0 0
21 16 0 256 7257.254 -11331.47 4946.221 4 0 0
21 530 46471 0 4710.561 -10016 4714.533 34 0 0
21 33 18794 128 2080.861 -9004.104 6447.362 16.8 -0.2 12
21 17 32760 192 6370.542 -15915 9103.621 3 0 0
21 34 49892 160 4905.676 -10030 4751.999 4 0 0
21 33 39542 160 6034.997 -10889.99 5029.998 14 0 0
21 529 35919 0 5719.875 -10734 4354.323 35.8 -0.2 12
21 33 51429 224 7723.784 -14454.99 6013.729 6 0 0
21 530 24457 0 3850.768 -22162.01 16172.87 32 120 -19
23 0 49152 0 6039.999 -10690.02 4395 4 0 5
23 0 0 0 7730.001 -14354.98 6279.995 2 0 0
23 0 16384 0 2853.484 -8555.138 6418.736 8 60 3
25 1 48812 0 7739.844 -14555 5595.748 1 1 1
2C 1 48812 0 7739.844 -14542 5595.748 4 0 0
2E 0 0 0 7739.868 -13912.41 5580.119 10 0 0
2E 0 0 0 7699.999 -13711.79 5595.002 5 0 0
2E 0 0 0 6751.379 -11049.98 4724.994 -7 0 0
2E 0 0 0 6830.695 -11129.98 5114.667 -7 0 0
2E 0 0 0 7689.999 -13171.79 5594.002 5 0 0
2E 0 0 0 7739.868 -14292.41 5580.119 10 0 0
2E 0 0 0 7669.423 -14503 5616.562 -7 0 0
2E 0 0 0 6360.709 -15956.01 8656.48 1.799999 0 0
2E 0 0 0 7739.868 -14292.41 5595.119 5 0 0
2E 0 0 0 7389.894 -11337.63 4668.06 -7 0 0
2E 0 0 0 7699.868 -13712.41 5580.119 10 0 0
2E 0 0 0 7699.868 -14122.41 5580.119 10 0 0
2E 0 0 0 7331.15 -11368.64 5078.27 -7 0 0
2E 0 0 0 3883.739 -22120 16148.48 -7 0 0
2E 0 0 0 7699.999 -14121.79 5595.002 5 0 0
2E 0 0 0 7739.999 -13391.79 5595.002 5 0 0
2E 0 0 0 6911.309 -11165.98 4864.789 -7 0 0
2E 0 0 0 7689.868 -13172.41 5580.119 10 0 0
2E 0 0 0 7739.868 -13392.41 5580.119 10 0 0
2E 0 0 0 4025.811 -22120 15950.3 -7 0 0
2E 0 0 0 7739.999 -13911.79 5595.002 5 0 0
2F 0 0 0 7331.15 -11398.64 5078.27 -7 20 0
2F 0 0 0 3883.739 -22150 16148.48 -7 20 0
2F 0 0 0 6751.379 -11079.98 4724.994 -7 20 0
2F 0 0 0 7389.894 -11367.63 4668.06 -7 20 0
2F 0 0 0 6830.695 -11159.98 5114.667 -7 20 0
2F 0 0 0 4025.811 -22150 15950.3 -7 20 0
2F 0 0 0 6911.309 -11195.98 4864.789 -7 20 0
30 0 6400 0 8095.112 -20450 15752.75 10 51 28
30 0 16384 0 4123.776 -22126.99 16002.27 0 10 -6
30 0 49152 0 7991.415 -20403.98 15730.89 10 61 89
30 0 16384 0 -1580.004 -6189.711 9259.003 -4.700002 4 17
30 0 16384 0 -14.53188 -10.97878 235.6418 10 140 110
30 0 65535 0 8113.748 -20466.58 15856.38 10 51 74
30 0 57344 0 5795.029 -10781 4531.039 0 30 0
30 0 0 0 7168.162 -14485 6260.481 1.9 19.8 84
30 0 32768 0 6047.924 -10680.03 4443.669 0 7 -7
30 0 24625 0 6358.435 -19363.66 15724.61 124 60 60
30 0 40960 0 2572.352 -8736 6297.147 0 20 0
30 0 58130 0 7607.649 -14557 6113.541 0 36 0
30 0 26880 0 8097.112 -20450 15962.75 10 51 28
30 0 40960 0 2871.352 -8541 6453.147 0 20 0
30 0 16384 0 4123.776 -22126.99 16112.27 0 10 -6
30 0 58130 0 7712.649 -14557 6113.541 0 36 0
30 0 40960 0 2794.958 -8588 6455.153 0 20 0
30 0 48949 0 4772.093 -10001.96 4542.854 0 26 12
30 0 16384 0 4123.776 -22126.99 16202.27 0 10 -6
30 0 16384 0 4123.776 -22126.99 15902.27 0 10 -6
30 0 40960 0 2572.352 -8736 6453.147 0 20 0
30 0 49152 0 4329.535 -22151.2 16052.6 112 39.99997 31
30 0 40960 0 2794.754 -8588 6295.523 0 20 0
30 0 16381 0 3810.111 -22089 16034.83 30 40 0
30 0 49152 0 7991.415 -20484.98 15987.89 10 61 89
30 0 16384 0 -1539.004 -6189.711 9260.003 -3.700002 4 17
30 0 13568 0 3086.387 -8507.031 6257.452 10 31 36
30 0 0 0 5081.489 -21975.99 16138.03 31 17 6
30 0 48812 0 7759.057 -14549 5598.094 -2.000001 0 10
30 0 40960 0 8267.034 -20366 16102.75 124 60 60
30 0 57344 0 8241.503 -20375 15599.59 124 60 60
30 0 0 0 5081.489 -21975.99 15961.03 31 17 6
30 0 48812 0 7751.636 -14549 5589.947 4.999999 0 10
30 0 48812 0 7746.372 -14559 5592.602 7 -2 9
30 0 16384 0 -1500.004 -6189.711 9259.003 -4.700002 4 17
30 0 48949 0 4847.093 -10001.96 4542.854 0 26 12
30 0 49152 0 -1543.344 -5985.016 9111.782 33 50 77
30 0 40960 0 2871.352 -8541 6297.147 0 20 0
35 6215 16384 0 530 2300 -1450.004 0 0 0
35 1 46727 0 5999.997 1000 14000 0 0 0
35 1 13403 0 1000.005 999.9961 9999.995 0 0 0
38 0 0 193 7343.92 -14360.01 6286.793 0.1000004 3.5 51
38 62382 32768 256 7299.87 -11374.16 5143.968 0 2.000001 100
38 16384 49152 257 7690.005 -14565.3 6026 0 3.500001 30
38 16384 0 256 7699.999 -13413.08 5600.002 2.000003 120 -7
38 0 722 257 7525.563 -14441 6223.652 0.1000004 3.5 30
38 0 0 257 7428.189 -14360.01 6266.531 0.1000004 3.5 51
38 0 49152 257 7630.005 -14565.3 6026 0 3.500001 30
38 0 0 193 7485.627 -14360.01 6283.047 0.1000004 3.5 51
38 49158 0 256 7704.583 -13524.08 5608.839 6.000003 7 0
38 0 0 257 7261.775 -14370.01 6273.645 0.1000004 3.5 51
38 16388 0 256 7699.999 -13943.08 5600.002 6.000003 3 11
38 6 32768 224 7739.999 -13763.08 5600.002 6.000003 20 11
38 17326 32768 288 7386.671 -11366.16 5121.007 15 4.000002 150
38 4 32768 256 7738.625 -14163.08 5602.664 6.000003 3 11
38 1 32768 448 2802.228 -8582 6374.465 4 1 150
39 1 16384 0 5940.75 -10790 4537.285 0 1 76
39 1 24576 256 2679.994 -8553 6415.026 6 1 150
39 1 36864 256 2679.994 -8555 6335.026 6 1 150
39 1 28672 256 -573.4733 -6270 10065.85 0 1 126
39 1 32768 120 7052.573 -11311.22 4960.844 0 1 268.1899
39 1 21760 160 6496.92 -15950 8731.498 0 1 58.13999
39 1 16384 0 6010.75 -10790 4537.285 0 1 86
39 1 36864 120 6312.261 -10890 4877 0 1 218
39 1 12288 160 6379.92 -15950 8731.498 0 1 58.13999
39 1 28672 120 6312.261 -10890 5050 0 1 218
39 1 65099 128 6970.002 -14379 6260.002 6 1 88
39 1 29696 256 -1046.651 -6158 9381.714 6 1 59.11
39 2 16384 81 7659.854 -14455 6205.573 0 1 228
39 1 13824 192 -750.6132 -6352.345 9746.14 0 1 15.12
3A 5 2 0 -515.001 -6248.756 10016 18 30 20
3A 5 2 2 4741.153 -10000 5344.004 30 50 0
3A 5 2 2 2079.739 -8982.732 6305.679 30 50 0
3A 5 2 2 3879.539 -22141 15935 34 72.47 2
3A 5 2 2 7329.261 -11403.76 5078.857 36 80 0
3A 5 2 2 4816.425 -21941 16124.06 34 72.47 2
3A 5 2 0 224.7997 -6548 10017.07 19 30 20
3A 5 2 0 7010.386 -14436.33 6258.621 19 30 20
3A 5 2 2 7388.076 -11360.76 4667.94 36 80 0
3A 5 2 0 4809.605 -10010.82 5195.699 80 25 35
3A 5 16386 5888 5974.755 -10864 4648.678 90 100 80
3A 5 2 2 243.9176 -6450 9166.015 30 50 0
3A 5 2 2 6908.221 -11196.78 4865.938 36 80 0
3A 5 2 2 4666.425 -21941 15975.06 34 72.47 2
3A 5 2 0 7505.012 -11485.66 4889.999 30 60 130
3A 5 20482 2 -1467.644 -6033.008 8833.399 31 55 2
3A 5 2 0 6440.512 -15892.33 9169.468 20 25 19
3A 5 2 0 324.1089 -6459 9595.404 19 30 19
3A 5 2 0 4810.498 -10009.06 4554.568 20 25 19
3A 5 2 0 224.7363 -6452 10014.3 17 50 50
3A 5 2 2 4884.413 -10007 4995.097 30 50 0
3A 1 49153 0 6442 -15884 9237.034 4 34 87
3A 5 2 2 6748.963 -11084.78 4725.943 36 80 0
3A 0 1 0 7644.131 -14388.45 5605.574 290 5 190
3A 5 2 2 4996.425 -21941 15975.06 34 72.47 2
3A 5 2 2 2078.273 -8982.732 6445.625 30 50 0
3A 5 2 0 -1154.891 -6185 9376.311 88 40 80
3A 5 2 2 6829.72 -11161.78 5113.926 36 80 0
3A 1 1 0 7618.616 -11780.04 5673.264 300 5 250
3A 5 2 0 5079.998 -21955 16050 35 25 80
3B 6215 10221 0 3.617259 307.7443 343.9427 40 0 0
3B 0 32897 0 -1541.359 -6040 9208.561 90 0 0
3B 6215 50224 0 0.2418337 308.4437 340.524 40 0 0
3B 0 32897 0 -1539.996 -6145 9154.578 90 0 0
3C 5 0 0 686.2532 -7041.889 8489.977 2 1 8
3C 0 0 0 622.4882 -6988.401 8284.998 2 4 4
3C 5 0 0 4352.5 -10158.72 4840.004 2 1 10
3C 1 32768 0 -1544.002 -6073.501 8720.005 3 4 0
3C 2 0 0 3050.01 -8633.736 6375.004 2 1 9
3C 1 0 0 -1153.989 -3396.2 4505.003 2 3 1
3C 0 0 0 3929.998 -9272.445 5709.998 3 6 6
3C 1 0 0 -12.49625 -2013.4 3080.001 2 3 0
3C 1 0 0 -577.5018 -4034.95 5899.998 2 5 2
3C 1 0 0 -1842.502 -5310.901 7294.998 2 7 3
3C 4 0 0 6700 -17414.99 12074.5 2 1 11
3D 59312 32768 0 -1706.08 -4716.6 6303.291 1 11 0
3D 59366 32768 0 -1484.714 -5272.265 7393.389 1 15 0
3D 0 12592 0 5028.141 -21975 16093.32 0 7 80
3D 59280 16448 0 -1083.182 -3652.997 4923.015 1 10 0
3D 6215 0 0 -53.67387 -2298.804 3686.379 1 7 0
3D 59280 16448 0 -416.1169 -3200.298 4923.013 1 6 0
3D 6215 0 0 -53.17388 -2360.004 3776.379 1 10 0
3D 6215 0 0 -1595.851 -5681.487 7996.708 1 6 0
3D 59392 49152 0 3622.004 -8800.827 6320.495 0 7 0
3D 6144 32768 0 4863.6 -9750.384 5891.5 0 11 3
3D 0 32768 0 -1539.996 -6060 8981.151 1 2 0
3D 6192 16384 0 4371.454 -9309.099 6428.504 0 10 0
3D 0 32768 0 -1704.08 -4534.601 5855.291 1 7 0
3D 59351 32768 0 52.4963 -2653.301 4209.026 1 16 0
3D 59319 32768 0 51.33818 -1127.002 1687.49 1 11 0
3D 59280 49152 0 4473.845 -9378.491 6320.503 0 10 0
3D 59321 0 0 266.0034 -6766.002 8593.02 0 6 0
3D 6144 16384 0 895.4992 -8293.699 6425.802 0 10 0
3D 59321 0 0 267.9034 -7096.3 8105.919 0 7 0
3D 59366 32768 0 -1487.814 -5098.267 7136.389 1 6 0
3D 6215 0 0 -1596.851 -5722.086 8056.708 1 6 0
3D 59351 32768 0 54.30025 -2467.899 3935.621 1 8 0
3D 59280 16448 0 -1428.382 -3886.997 4922.814 1 6 0
3D 59360 49152 0 1147.919 -8464.703 6322.295 1 10 0
3D 59280 16448 0 -1143.182 -3693.796 4923.015 1 8 0
3D 59351 32768 0 54.30025 -2212.899 3559.621 1 12 0
3D 6233 32768 0 371.9366 -7701.189 6943.302 0 8 0
3D 6144 16384 0 685.3992 -8150.998 6427.002 0 8 0
3D 6215 0 0 -1595.851 -5593.887 7867.708 1 9 0
3D 6215 0 0 -52.94753 -1368.587 2043.993 1 6 0
3D 0 16384 0 -1311.281 -6060 8746.83 0 12 0
3D 59360 49152 0 1509.919 -8710.205 6324.295 1 6 0
3D 59351 32768 0 53.4963 -2795.7 4419.026 1 6 0
3D 59360 49152 0 978.0188 -8349.201 6323.595 1 9 0
3D 0 0 0 4754.001 -10030 5397 0 7 0
3D 59321 0 0 265.7035 -7182.399 7978.919 0 6 0
3D 59360 49152 0 767.9188 -8207.102 6322.595 1 7 0
3D 59319 32768 0 52.53817 -1177.702 1762.49 1 16 0
3D 59392 49152 0 3392.205 -8645.202 6320.997 0 6 0
3D 6215 0 0 -54.29607 -1947.637 2897.526 1 6 0
3D 59303 32768 0 -1707.245 -4832.704 6474.248 1 10 0
3D 6215 0 0 -54.29607 -1500.103 2237.526 1 9 0
3D 6144 16384 0 1010.499 -8370.998 6425.301 0 6 0
3D 6215 0 0 -54.00111 -2518.402 4010.809 1 11 0
3D 6208 32768 0 374.7136 -7140.238 8040.904 0 7 0
3D 0 0 0 222.1815 -7480 7447.996 0 10 0
3D 6144 32768 0 4862.5 -9813.181 5799.5 0 8 3
3D 6215 0 0 -53.10113 -2668.301 4230.809 1 6 0
3D 6224 16384 0 1238.703 -8526.202 6426.508 0 9 0
3D 59360 49152 0 1452.919 -8671.404 6322.295 1 9 0
3D 59321 0 0 267.8035 -6610.302 8823.02 0 7 0
3D 59319 32768 0 52.53817 -712.4014 1076.49 1 17 0
3D 59321 0 0 268.0034 -6851.102 8468.02 0 10 0
3D 59312 32768 0 -1707.08 -4671.099 6236.291 1 12 0
3D 59351 32768 0 53.30025 -2505.899 3991.621 1 7 0
3D 59303 32768 0 -1707.245 -4915.904 6597.248 1 6 0
3D 6215 0 0 -53.94193 -2150.504 3467.657 1 9 0
3D 6215 0 0 -1595.759 -5882.65 8293.201 1 13 0
3D 59351 32768 0 52.30025 -2556.899 4066.621 1 9 0
3D 59366 32768 0 -1486.314 -5519.867 7758.389 1 8 0
3D 59303 32768 0 -1705.245 -4872.304 6533.248 1 13 0
3D 6215 0 0 -53.10113 -2552.901 4060.809 1 9 0
3D 59280 16448 0 -701.082 -3393.596 4922.014 1 8 0
3D 6144 32768 0 4862.5 -9650.782 6039.5 0 7 3
3D 6233 32768 0 371.1367 -7862.49 6705.202 0 11 0
3D 59280 49152 0 4352.845 -9296.591 6320.503 0 8 0
3D 6215 0 0 -52.39607 -1461.903 2181.526 1 7 0
3D 59366 32768 0 -1485.614 -5682.666 7998.389 1 6 0
3D 59366 32768 0 -1486.314 -5560.367 7818.389 1 7 0
3D 59321 0 0 268.0034 -6804.702 8536.02 0 8 0
3D 59321 0 0 265.9035 -6982.701 8273.02 0 9 0
3D 6224 16384 0 1164.802 -8475.804 6428.508 0 7 0
3D 59360 49152 0 1752.919 -8874.611 6323.995 1 10 0
3D 59392 49152 0 3702.004 -8854.927 6320.995 0 8 0
3D 59351 32768 0 52.4963 -2835.7 4478.026 1 7 0
3D 6144 32768 0 4862.5 -9853.181 5739.5 0 6 0
3D 59280 16448 0 -1299.382 -3799.297 4923.815 1 9 0
3D 6215 0 0 -54.74195 -2024.304 3281.657 1 6 0
3D 59351 32768 0 53.09629 -2876.5 4538.026 1 9 0
3D 0 16384 0 -1760.281 -6060 8746.83 0 15 0
3D 59360 49152 0 708.9188 -8166.701 6320.997 1 11 0
3D 59366 32768 0 -1485.814 -5186.267 7266.389 1 7 0
3D 6215 0 0 -53.10113 -2630.1 4174.809 1 7 0
3D 59366 32768 0 -1484.614 -5845.466 8238.389 1 8 0
3D 59319 32768 0 51.1382 -669.1014 1012.49 1 8 0
3D 6215 0 0 -1595.851 -5519.487 7757.708 1 11 0
3D 59366 32768 0 -1484.614 -5884.466 8296.389 1 9 0
3D 0 32768 0 4907.22 -10030 5317.745 0 10 0
3D 0 32512 0 2115.788 -9004.502 6347.808 0 8 0
3D 59351 32768 0 53.4963 -2707.7 4289.026 1 8 0
3D 59321 0 0 267.8035 -6515.103 8963.02 0 10 0
3D 59366 32768 0 -1485.614 -5925.665 8356.389 1 6 0
3D 6233 32768 0 369.9366 -7822.59 6764.302 0 8 0
3D 59321 0 0 265.7035 -7265.399 7856.619 0 10 0
3D 59360 49152 0 1211.919 -8508.002 6324.295 1 11 0
3D 59392 49152 0 3452.004 -8685.501 6319.997 0 6 0
3D 6215 0 0 -52.80112 -2843.701 4489.809 1 8 0
3D 6224 16384 0 1873.703 -8956.509 6426.408 0 7 0
3D 59351 32768 0 54.30025 -2387.198 3816.621 1 11 0
3D 6224 16384 0 1383.703 -8624.704 6426.508 0 8 0
3D 59366 32768 0 -1486.514 -5418.065 7608.389 1 10 0
3D 0 57344 0 5027.409 -21974.6 16019.24 0 11 0
3D 6144 32768 0 4863.399 -9894.483 5679.5 0 11 3
3D 6144 16384 0 746.5992 -8191.998 6429.002 0 9 0
3D 6144 16384 0 954.8994 -8333.699 6427.802 0 8 0
3D 6233 32768 0 369.9366 -7653.69 7013.302 0 7 0
3D 6224 16384 0 1743.703 -8868.413 6426.408 0 9 0
3D 59280 16448 0 -860.082 -3500.997 4922.614 1 6 0
3D 59207 32768 0 -1484.969 -5734.218 8074.302 1 11 0
3D 0 0 0 2150.445 -9004.501 6409.783 0 11 0
3D 59280 49152 0 4233.845 -9215.794 6320.603 0 6 0
3D 6208 32768 0 374.3135 -7345.039 7738.904 0 11 0
3D 59366 32768 0 -1485.714 -5343.565 7498.389 1 7 0
3D 59392 49152 0 3252.205 -8550.202 6321.997 0 8 0
3D 6215 0 0 -53.80112 -2797.9 4421.809 1 10 0
3D 6233 32768 0 371.9366 -7782.69 6823.302 0 10 0
3D 59280 16448 0 -345.1169 -3152.494 4922.013 1 9 0
3D 59392 49152 0 3875.004 -8972.528 6320.995 0 6 0
3D 6215 0 0 -51.84753 -1328.487 1984.993 1 6 0
3D 0 32768 0 4907.22 -10030 5380.745 0 6 0
3D 6224 16384 0 1693.703 -8834.505 6428.408 0 11 0
3D 59280 16448 0 -1359.382 -3840.197 4923.815 1 6 0
3D 0 16384 0 -164.9956 -2000 3163.126 0 16 0
3D 0 32768 0 -1704.08 -4535 5926.291 1 17 0
3D 0 49152 0 152.0044 -1999.8 3109.996 0 2 0
3D 0 49152 0 -1388.281 -6060 8634.83 0 6 0
3D 0 33280 0 2025.611 -9004.602 6340.974 0 10 0
3D 59321 0 0 268.7035 -7135 8048.919 0 6 0
3D 6215 0 0 -1592.851 -5762.086 8116.708 1 10 0
3D 6215 0 0 -52.74195 -2197.804 3537.657 1 8 0
3D 59280 16448 0 -636.1169 -3349.596 4924.013 1 7 0
3D 59280 49152 0 4169.845 -9172.499 6320.002 0 9 0
3D 0 0 0 222.1815 -7480 7370.426 0 6 0
3D 59312 32768 0 -1706.08 -4593.399 6121.291 1 10 0
3D 6224 16384 0 1443.703 -8665.106 6428.508 0 10 0
3D 6233 32768 0 369.9367 -7943.79 6585.202 0 7 0
3D 59280 49152 0 4413.845 -9337.794 6321.603 0 11 0
3D 59351 32768 0 53.20025 -2171.399 3498.621 1 12 0
3D 59360 49152 0 1632.919 -8793.408 6323.295 1 7 0
3D 59366 32768 0 -1486.914 -5224.967 7323.389 1 11 0
3D 59280 49152 0 4109.845 -9131.499 6321.002 0 8 0
3D 6144 32768 0 4864.5 -9572.384 6154.5 0 9 3
3D 59392 49152 0 3935.004 -9013.126 6319.895 0 6 0
3D 59280 16448 0 -576.1169 -3308.896 4924.013 1 10 0
3D 6215 0 0 -52.39607 -1536.703 2291.526 1 10 0
3D 59360 49152 0 655.9188 -8130.702 6323.997 1 6 0
3D 59360 49152 0 908.0188 -8301.703 6321.595 1 6 0
3D 6192 16384 0 4461.454 -9370.099 6426.504 0 7 0
3D 0 16384 0 461.1815 -7479.7 7405.996 0 2 0
3D 6208 32768 0 374.7136 -7262.438 7860.904 0 6 0
3D 6215 0 0 -53.00111 -2478.402 3950.809 1 6 0
3D 6233 32768 0 372.9366 -7612.99 7073.302 0 6 0
3D 6144 32768 0 4861.6 -9535.185 6209.5 0 6 3
3D 6224 16384 0 1633.703 -8793.907 6428.408 0 6 0
3D 59319 32768 0 51.03817 -1286.101 1922.49 1 8 0
3D 6215 0 0 -1595.851 -5397.487 7577.708 1 12 0
3D 59321 0 0 268.2035 -7333.099 7756.619 0 7 0
3D 6215 0 0 -53.64753 -1292.587 1931.993 1 14 0
3D 6215 0 0 -1593.559 -6009.35 8480.201 1 6 0
3D 59280 16448 0 -933.1819 -3550.997 4923.615 1 7 0
3D 59392 49152 0 3510.004 -8725.003 6321.997 0 11 0
3D 59321 0 0 266.0034 -6657.502 8753.02 0 11 0
3D 0 49152 0 -1697.281 -6060 8635.83 0 8 0
3D 6215 0 0 -1596.559 -5843.851 8236.201 1 11 0
3D 59360 49152 0 1692.919 -8833.91 6321.995 1 8 0
3D 6208 32768 0 373.7136 -7309.739 7790.904 0 8 0
3D 59360 49152 0 1882.919 -8962.811 6321.995 0 6 0
3E 0 32768 0 319.7759 -7480 7284.607 10 60 0
3E 0 0 0 -1540.005 -5575.48 7840.203 16 0 3
3E 0 16384 0 439.2655 -7995 6327.866 16 0 3
3E 0 49152 0 7074.604 -21121.05 16025 50 0 8
3E 0 16384 0 1380.002 -8622.056 6326.282 16 0 3
3E 64174 16128 0 6968.039 -11239.16 5123.209 15 1.445413E-06 6
3E 0 0 0 40.00297 -1632.343 2432.547 0 0 0
3E 174 17920 0 6859.02 -11184.16 4802.226 15 1.445413E-06 6
3E 0 0 0 -1759.92 -4330.548 5463.232 16 0 3
3E 0 16384 0 3455.109 -8687.983 6413.994 1.676381E-08 1.490116E-08 18
3E 0 0 0 6418.117 -17916 13003.56 50 0 8
3F 268 0 128 7536.729 -14546.01 6211.213 -0.1999999 -0.2 10
3F 12 0 128 7406.729 -14527.91 6237.213 -0.2 -0.2 10
3F 12 0 128 7536.729 -14526.01 6245.213 -0.1999999 -0.2 10
3F 268 0 256 7476.729 -14491.01 6210.213 -0.2 -0.2 10
3F 0 16384 192 6419.945 -15991 8949.102 -0.2 -0.2 30
3F 268 0 128 7406.729 -14527.91 6272.213 -0.2 -0.2 10
3F 12 0 128 7506.729 -14501.01 6228.213 -0.2 -0.2 15
3F 12 0 160 7376.671 -14507.01 6255.171 -0.2 -0.2 10
3F 268 0 160 7376.671 -14517.01 6290.171 -0.2 -0.2 10
3F 8 32768 352 375.4962 -6555 9799.148 -0.2 -0.2 20
3F 12 0 0 7316.729 -14463.01 6255.213 -0.2 -0.2 0
3F 268 0 256 7476.729 -14491.01 6280.213 -0.2 -0.2 10
3F 12 0 256 7476.729 -14471.01 6245.213 -0.2 -0.2 10
3F 8 16384 192 6437.945 -16043 8919.102 -0.2 -0.2 10
3F 268 0 256 7506.729 -14511.01 6262.213 -0.2 -0.2 20
3F 264 0 256 345.4962 -6582.4 9817.148 -0.2 -0.2 10
3F 12 0 192 7346.729 -14491.01 6238.213 -0.2 -0.2 10
3F 8 0 256 345.4962 -6582.4 9852.148 -0.2 -0.2 10
3F 264 16384 192 6402.945 -16053 8919.102 -0.2 -0.2 10
3F 268 0 160 7376.671 -14517.01 6220.171 -0.2 -0.2 10
3F 268 0 192 7346.729 -14491.01 6272.213 -0.2 -0.2 10
3F 8 0 256 345.4962 -6513 9782.148 -0.2 -0.2 12
3F 264 0 256 315.4962 -6553 9799.148 -0.2 -0.2 28
40 0 0 0 6437.895 -15902 9721.272 5 70 47
41 73 0 4 6438.129 -15955.3 8852.694 6440.1 -15855.5 9030
41 77 0 2 7660.757 -14395.3 5944.521 7660 -14294 6250
41 77 0 2 7660.216 -14483.3 5804.283 7660 -14395 5945
41 48 49152 2 7740.978 -13202.23 5622.05 7712 -12950 5620
42 0 16384 0 2984.993 -8504.977 6851.72 0 0 0
42 0 49152 0 4875.003 -10029.98 4994.004 0 6 0
42 0 0 0 2079.997 -9005.02 6309.996 0 0 0
42 0 32768 0 -1388.003 -6060 8754.996 1 2 0
42 0 0 0 -1305.003 -6060 8624.996 1 2 0
42 0 0 0 4327.996 -10030.02 4980.009 0 0 0
42 0 0 0 4996.004 -21975.02 15984.5 35 25 80
42 0 16384 0 255.0036 -6470.02 9165.999 0 0 0
42 0 0 0 205.6096 -2000 3045.122 0 17 0
42 0 32768 0 2079.997 -9005.018 6439.996 0 0 0
42 0 16384 0 3890.069 -22175 15931.83 14 16 4
42 0 16384 0 2984.993 -8504.977 5903.72 0 0 0
42 0 32768 0 4818.001 -21975.02 16114.5 2 0 0
42 0 0 0 -2005.003 -6060 8624.996 1 2 0
42 0 0 0 4666.004 -21975.02 15984.5 35 25 80
42 0 0 0 4634.996 -10030.02 4980.009 0 0 0
42 0 16384 0 4745.004 -10030.02 5345.004 0 0 0
42 0 32768 0 -1694.003 -6060 8754.996 1 2 0
42 0 49152 0 -1475.04 -6059.995 8829.781 0 13 0
42 0 0 0 -134.3904 -2000 3045.122 0 17 0
42 0 32768 0 4457.996 -10030.02 5110.009 0 0 0
43 64768 34560 0 -706.3837 -6226.401 9739.305 25 0 8
43 64768 34560 0 -753.0489 -6207 9470.854 25 0 8
45 5 0 0 6440 -18173.67 13396.23 0 0 0
45 5 0 0 -1760.003 -4278.179 5386.001 0 0 0
45 5 16384 0 7685.956 -20193.15 15670 0 0 0
45 5 32768 0 320.0049 -6728.488 8648.542 0 0 0
45 5 0 0 6440.003 -17161.84 11633.53 0 0 0
45 5 0 0 0.001469169 -1742.498 2594.997 0 0 0
45 5 0 0 6440.003 -19183.83 15156.46 0 0 0
45 5 49152 0 5923.397 -21718.59 16050 0 0 0
45 5 0 0 6440.004 -16667.93 10905.13 0 0 0
45 5 16384 0 3563.501 -8761.483 6374.998 0 0 0
45 5 0 0 0.001469169 -1249.532 1867.997 0 0 0
45 5 32768 0 4809.996 -9773.542 5858.463 0 0 0
45 5 16384 0 1566.501 -8748.518 6374.996 0 0 0
45 5 16384 0 837.5017 -8254.176 6375 0 0 0
45 5 32768 0 319.9958 -7223.029 7919.219 0 0 0
45 5 0 0 0.004323021 -2752.498 4354.997 0 0 0
45 5 0 0 6439.997 -16173.52 10176 0 0 0
45 5 49152 0 -1246.002 -3763.179 4869.996 0 0 0
45 5 0 0 0.004323021 -2257.498 3624.997 0 0 0
45 5 0 0 6439.996 -17656.88 12363.59 0 0 0
45 5 49152 0 7685.997 -20706.82 16050 0 0 0
45 5 0 0 -1540 -5803.6 8176.623 0 0 0
45 5 0 0 6439.998 -18668 14125.24 0 0 0
45 5 0 0 -0.001657844 -751.1417 1132.997 0 0 0
45 5 32768 0 319.9951 -7738.918 6887.908 0 0 0
45 5 16384 0 6954.003 -19696.82 15670 0 0 0
45 5 49152 0 -516.0016 -3268.179 4869.996 0 0 0
45 5 16384 0 4296.501 -9258.519 6374.998 0 0 0
45 5 0 0 -1539.998 -5306.741 7443.881 0 0 0
45 5 49152 0 6954.428 -21202.89 16050 0 0 0
46 0 32768 0 4735.005 -9514 6266.005 0 6 0
46 0 32768 0 -1830.95 -4534 6007.422 0 0 0
46 0 32768 0 244.497 -7479 7513.999 0 0 0
46 0 0 0 395.0007 -7479 7295.949 0 0 0
46 0 0 0 396.4778 -6469 9055.56 0 0 0
46 0 49152 0 430.0019 -7994 6450.997 0 0 0
46 0 16384 0 -107.3531 -3008.999 4799.232 0 0 0
46 4 49152 0 -1652.218 -4019 4940.921 0 0 0
46 2142 32768 32768 -1243.236 -6135.846 9319.14 0 0 0
46 0 32768 0 -1611.259 -5049 7036.984 0 0 0
46 0 0 0 69.90038 -2000 3002.73 0 0 0
46 0 32768 0 6366.059 -17914 12991.43 0 0 0
46 0 8192 0 4026.444 -22174 15950.46 0 0 0
46 2142 0 32768 -1068.83 -6135.846 9470.56 0 0 0
46 0 40960 2 3883.379 -22174 16148.64 0 0 0
46 0 0 0 -1688.818 -5049 6822.181 0 0 0
46 0 208 0 4924.362 -10029 4737.069 2 1 10
46 0 0 0 6515.318 -17914 12770.3 0 0 0
48 5 32768 0 6369.106 -17914 12767.99 0 0 0
48 5 49152 0 -1656.572 -6059 8760.807 0 0 0
48 2 16384 0 3160.002 -8504.999 6336.997 0 6 0
48 3 16384 0 3393.005 -8644.904 6456 0 0 0
48 0 32768 0 4772.976 -10030.02 5219.59 0 6 0
48 3 0 0 -1837.001 -4044.5 5042.997 0 0 0
48 4 0 0 -1465.422 -5049 7045.358 1 2 0
48 3 16384 0 686.9996 -8151.199 6292.999 0 6 0
48 0 16384 0 450.0047 -7480 7365.997 0 0 0
48 2 32768 0 279.9972 -6470 9055.002 0 0 0
48 1 0 0 6402 -17915 12770 0 0 0
48 5 0 0 6510.778 -17914 12991.11 0 0 0
48 1 32768 0 359.0025 -7480 7514.998 0 0 0
48 1 0 0 -1798 -4535 5789.998 1 8 0
48 2 0 0 6476.997 -17915 12990 0 0 0
48 7 0 0 -1687.021 -4018.9 4983.787 0 0 0
48 3 49152 0 -336.9962 -3145.804 4945.003 0 0 0
48 3 32768 0 4892.003 -9674.496 6003 0 11 0
48 3 0 0 -1615.501 -5241.802 7349.496 0 0 0
48 2 32768 0 285.0025 -7480 7294.998 0 0 0
48 3 0 0 -1834.424 -4657.896 6217.997 0 0 0
49 7 49152 0 4708.501 -9513.801 6449.875 0 6 0
49 7 0 0 393.0049 -7993.9 6485.997 0 0 0
49 62981 0 0 4885.498 -10029 5456.003 0 6 0
49 6219 0 0 -75.15127 -151.2614 249.7997 0 0 0
49 6 0 0 4884.998 -10029 4936.001 0 0 0
49 5 0 0 391.3035 -7479 7516.068 0 0 0
49 0 49152 0 4682.161 -10030 5083.702 0 0 0
49 1 0 0 -33.99763 -2000 3000.002 0 0 0
49 6219 0 0 -75.15127 -476.7614 729.7997 0 0 0
49 5 32768 0 -70.32465 -1999 2997.96 0 0 0
49 5 32768 0 -1832.791 -4534 5786.324 0 0 0
49 3 0 0 -1684.996 -4849.503 6500.497 0 0 0
49 4 49152 0 -115.3713 -3009 4945.023 0 0 0
49 5 32768 0 -1610.553 -6059 8577.721 1 2 0
49 1 0 0 -1576.999 -6060 8579.999 1 2 0
49 7 57344 0 4882.438 -9513.9 6302.654 0 0 0
49 4 16384 0 4719.496 -21974 15974.5 35 25 80
49 4 32768 0 239.0044 -6469 9059.001 0 0 0
49 0 16384 0 -1412.192 -6060 8656 0 0 0
49 2 49152 0 -1869.998 -4535 5936.997 0 0 0
49 2 0 0 36.99567 -2000 3220 0 0 0
49 3 32768 0 395.0005 -6958.397 8307.998 0 0 0
49 3 0 0 -75.00255 -2688.998 4263.001 0 0 0
49 3 32768 0 243.9991 -6678.997 8719.999 0 0 0
49 4 0 0 -1684.697 -4533.9 5790.757 0 0 0
49 6 32768 0 -1466.954 -6059 8771.482 0 0 0
49 1 16384 0 1970.001 -9005 6411.003 0 6 0
49 3 16384 0 4363.504 -9303.003 6292.998 0 10 0
49 3 0 0 75.99922 -1489.598 2223.497 0 0 0
49 6 0 0 4734.004 -10029 4936.004 0 0 0
49 6 32768 65534 -1612.954 -6059 8771.482 0 0 0
49 1 32768 0 4847.999 -10030 5455.003 0 6 0
49 3 32768 0 243.9952 -7155.702 8016.896 0 0 0
49 4 16384 0 1970.003 -9003.9 6293 0 0 0
49 3 0 0 -1465 -5517.499 7756.496 0 0 0
49 3 49152 0 -648.9957 -3357.402 4795.004 0 0 0
49 7 32768 0 -1833.38 -5048.9 6821.211 1 2 0
49 7 49152 0 -1652.559 -5048.9 7002.943 1 2 0
49 3 16384 0 942.6975 -8324.496 6457 0 6 0
49 7 32768 0 -73.02563 -3008.9 4757.813 0 0 0
49 0 49152 0 -1668.265 -6060.022 8724.606 0 0 0
49 4 16384 0 4929.496 -21974 16124.5 35 25 80
49 2 0 0 -1723.005 -4535 6009.998 0 0 0
49 7 16384 0 -1653.996 -4018.9 4793.874 0 0 0
49 5 49152 0 1960.49 -9004 6450.379 0 6 0
49 0 16384 0 448.0813 -6470 9127.004 0 0 0
49 4 0 0 74.50101 -3008.9 4760.499 0 0 0
49 4 32768 0 239.0004 -7993.9 6483.002 0 7 0
4A 0 16384 0 -1880.601 -3866.294 4872.961 20 20 37
4A 0 49152 0 4926.002 -9353.999 6374.998 0 0 0
4A 0 0 0 321.9998 -7798 6246.004 0 0 0
4A 2555 0 0 6237.262 -18915.95 14455.51 1 9 0
4A 0 32768 0 -1759.997 -4870 7019.998 0 0 0
4A 0 38912 0 -1298.913 -5872.901 8853.976 1 2 0
4A 0 0 0 4730.886 -21960 15871.55 35 25 80
4A 0 32768 0 3954.375 -22095 16256.29 0 0 0
4A 0 0 1064 7496.244 -11608.25 5421.975 0 11 0
4B 4 0 0 7257.352 -11411.55 4946.816 0 6 0
4B 8 49232 0 5459.003 -10491.2 4031.003 0 0 0
4B 4 0 0 6754.563 -11140.95 5011.189 0 6 0
4B 4 0 0 6952.536 -11239.95 4917.933 0 6 0
4B 0 0 0 4929 -10029 4674.002 0 6 0
4B 4 0 0 6495.555 -16015 8801.41 0 6 0
4B 4 58438 0 371.0745 -6470 9638.704 0 0 0
4B 0 32776 0 4822.311 -21974 15950.14 0 6 0
4B 6 16384 2 3832.009 -22174 16175.87 0 0 0
4B 7 32768 0 6092.248 -15306 7605.827 0 0 0
4B 2 16384 0 4673.501 -10029 4859.1 0 0 0
4B 4 32768 0 3121.195 -8503.999 6258.018 0 0 0
4B 4 0 0 -620.714 -6270 9987.13 0 6 0
4B 6 49152 0 204.5418 -6468.904 9283.669 0 0 0
4B 8 32768 1149 6443.997 -15116.7 7310.402 0 0 0
4B 9 49152 0 -328.8415 -6234.198 10067.24 0 0 0
4B 4 32768 0 3121.195 -8503.999 6495.018 0 0 0
4B 6 16385 0 146.7175 -1998.9 3037.743 2.384186E-07 8 0
4B 3 46080 0 7716.92 -14555 5710.652 0 9 0
4B 9 32768 0 5987.755 -15539.4 8056.03 0 0 0
4B 9 49152 0 131.1585 -6474.198 10067.25 0 0 0
4B 9 32768 0 5987.754 -15366.92 7697.204 0 0 0
4B 5 32768 0 -1839.889 -4019 4883.907 0 0 0
4B 7 16384 0 6780.002 -14481.7 6311.748 0 0 0
4B 3 32768 0 5877.351 -10790 4504.367 0 0 0
4B 3 0 0 7145.187 -14455 6207.826 0 6 0
4B 3 21504 0 6415.751 -16015 8796.375 0 6 0
4B 5 49152 0 179.5418 -6468.904 9283.669 0 0 0
4B 9 16384 0 6874.295 -14418.9 6207.255 0 0 0
4B 7 49152 60428 5174.816 -10360 3982.751 14 18 6
4B 9 0 0 4862.195 -10126.7 4270.063 0 0 0
4B 7 32768 0 6092.243 -15628.55 8189.692 0 0 0
4B 4 0 0 6666.407 -11096.26 4919.273 0 6 0
4B 16 32768 0 -1605.685 -6237.9 9392.457 -0.1 0.5200001 0
4B 4 40960 0 -1467.999 -6059.011 9051.342 0 0 0
4B 7 32768 0 6492.249 -14931.8 6944.516 0 0 0
4B 0 32768 80 2413.033 -8755 6374.998 18.8 -0.2 12
4B 0 49753 0 7709.276 -14455 6188.95 0 6 0
4B 2 28672 0 7093.107 -14455 6312.933 0 6 0
4B 16 32768 0 -784.8243 -6318.01 9748.058 0 1 0
4B 2 0 0 -577.6993 -6269.976 9957.321 0 6 0
4B 5 49659 0 4738.753 -21974.02 16122.26 0 6 0
4B 6 32768 0 -1839.889 -4019 4908.907 0 0 0
4B 2 42752 0 4067.32 -22174 16127.47 0 0 0
4B 4 0 0 7082.08 -11311.74 5077.38 0 6 0
4B 4 0 0 7591.698 -14455 6109.688 0 6 0
4B 8 49152 0 6390.502 -15816.56 8454.999 0 0 0
4B 6 16384 0 -31.83891 -3009 4950.867 0 0 0
4B 2 17664 0 7595.778 -14555 5655.759 0 9 0
4B 4 0 0 7729.437 -14555.2 5751.073 0 6 0
4B 7 32768 0 6492.249 -14791.8 6634.516 0 0 0
4B 2 49152 0 6031.996 -10790 4494.998 0 0 0
4B 3 32768 0 -1429.442 -6260 9430.004 0 6 0
4B 7 32768 0 6092.243 -15448.55 7819.652 0 0 0
4B 4 0 868 7455.47 -11410.35 4754.493 0 6 0
4B 4 16384 0 -1275.604 -6210 9424.58 0 6 0
4B 4 24576 0 -1611.999 -6059.011 8848.342 0 0 0
4B 0 0 0 4041.498 -22174 15924 0 0 0
4B 4 0 0 -1483.639 -6260 9378.394 0 0 0
4B 1 10240 0 4702.748 -10029 4708.502 0 0 0
4B 2 49152 0 7716.548 -14455 6044.306 0 6 0
4B 4 0 0 6498.496 -15915 9066.544 0 6 0
4B 2 49152 0 7716.548 -14455 5984.306 0 6 0
4B 3 10240 2 3842.576 -22174 15974.23 0 0 0
4B 0 0 0 5981.006 -10790 4463.621 0 0 0
4B 4 0 0 7040.642 -14455 6211.686 0 6 0
4B 0 0 0 424.7939 -6469 9284.501 0 0 0
4B 4 0 0 -807.8798 -6210 9405.87 0 0 0
4B 6 39424 0 -1643.13 -6058 9018.876 0 0 0
4B 0 15399 0 7738.2 -14554 5619.621 7 -2 9
4B 2 0 0 -1560.63 -6260 9319.778 0 6 0
4B 1 6144 0 7052.437 -14455 6302.633 0 6 0
4B 4 0 0 7395.25 -11465.4 5010.545 0 6 0
4B 2 49152 0 375.4144 -6470 9701.649 0 0 0
4B 5 16384 2 3857.009 -22174 16175.87 0 0 0
4B 6 16384 0 146.7175 -1998.9 3037.743 2.384186E-07 8 0
4B 5 16385 0 121.7175 -1998.9 3037.743 2.384186E-07 8 0
4B 2 32768 0 -1379.442 -6260 9430.004 0 6 0
4B 5 49152 0 -1702.409 -5049 7009.661 1 8 0
4B 9 32768 16 6387.758 -14708.45 6509.504 0 0 0
4B 7 32768 0 6092.243 -15508.55 8009.652 0 0 0
4B 5 16384 0 -5.838913 -3009 4950.867 0 0 0
4B 0 0 0 -1435.207 -6058.999 9031.997 1 2 0
4B 6 49152 0 -1675.409 -5049 7009.661 1 8 0
4B 0 0 0 6480.464 -15915 9128.873 0 6 0
4B 0 0 0 5727.462 -10740 4362.013 0 0 0
4B 4 40960 0 7722.871 -14354.98 6314.566 0 0 0
4B 7 49152 0 -65.99625 -6342.794 9962.799 0 0 0
4B 0 34063 0 7599.402 -14555 5705.708 0 9 0
4B 6 16384 0 483.387 -7481 7333.19 0 10 0
4B 9 32768 16 6387.758 -15041.8 7109.504 0 0 0
4B 6 49659 0 4712.753 -21974.02 16122.26 0 6 0
4C 0 19978 0 7540.329 -14359 5862.653 0 0 0
4C 0 31197 0 5985.969 -10729.3 5066.198 0 0 0
4C 0 19482 0 7558.609 -14300 6165.388 0 0 0
4C 0 43546 0 7752.103 -14302.2 6169.911 0 1 0
4C 0 28087 0 7638.115 -11401.5 5189.691 0 11 0
4C 0 31946 0 -840.974 -6156 9461.905 0 0 0
4C 0 62219 65280 6196.834 -10733 4844.814 0 0 0
4C 31 45056 1064 7798.888 -11574.02 5520.638 0 11 0
4C 1 47872 0 6069.375 -10626.5 4453.281 0 0 0
4C 0 44819 0 6533.14 -15860 9017.002 13 16.9 7
4C 0 11776 0 224.3981 -6411 9751.47 0 0 0
4C 0 34781 0 6357.447 -10788 5095.961 0 0 0
4C 7 50788 0 -522.1456 -6155.32 9927.909 0 0 0
4C 0 51200 0 -1454.264 -6145 9227.857 0 0 0
4C 0 21085 0 -1719.212 -6034.8 9048.553 0 16 0
4C 0 18684 0 6351.604 -15937.72 8924.513 13 16.9 7
4C 7 42084 0 -533.4174 -6152.32 10135.88 0 0 0
4C 0 2093 0 170.8828 -7479 7298.406 0 0 0
4C 0 64256 0 4074.653 -22133.2 15869.45 0 0 0
4C 0 45579 65280 6071.674 -10730 4743.866 0 0 0
4C 0 28672 0 6005.354 -15693 8472.002 20 13 2
4C 1 62208 0 5933.529 -10622.5 4320.714 0 0 0
4C 0 43290 0 7780.764 -14410 5762.831 0 0 0
4C 0 64935 0 7642.902 -11411.5 5318.964 0 11 0
4C 1 33536 0 5857.092 -10626.5 4542.735 0 0 0
4C 0 40099 0 -1631.846 -3995.4 5093.744 0 0 0
4C 0 52512 0 406.1164 -6496.107 9808.771 0 0 0
4C 0 61440 0 4933.143 -9984 4607.832 0 6 0
4C 65270 44964 2759 7830.104 -11576.77 5388.841 0 11 0
4C 576 41025 260 7907.555 -11567.94 5312.977 0 11 0
4C 0 49408 0 433.0063 -6411 9839.571 0 0 0
4C 0 23296 0 6345.604 -15854.82 9096.513 13 16.9 7
4C 0 21259 0 5882.188 -10720 4811.13 0 0 0
4C 0 19913 0 -805.5479 -6146 9601.856 0 0 0
4C 0 29696 0 3844.5 -22132 16216.7 2 1 10
4C 2164 17187 0 -805.0571 -6189.971 10060.26 0 0 0
4C 0 37834 0 -1374.532 -6223.705 9460.79 0 0 0
4C 0 31002 0 7137.67 -14397 6352.451 0 1 0
4C 0 4096 0 4703.143 -9980 4607.832 0 6 0
4C 0 32768 0 4065.5 -22126 16216.7 2 1 10
4C 0 41483 65280 6062.134 -10726 4845.272 0 0 0
4C 0 31002 0 7524.23 -14302 6351.473 0 1 0
4C 0 34586 0 7692.467 -14293 6348.631 0 1 0
4C 0 14336 0 3775.83 -22124 15923.98 0 0 0
4C 0 12288 0 -1626.39 -6153 9228.769 0 0 0
4D 0 16384 0 -0.003775418 300.005 339.9987 0 0 0
4E 6160 0 0 6386.002 -16891 11234.75 1 6 0
4E 59321 0 0 268.9873 -7672.002 6986.763 0 6 0
4E 6073 32768 0 373.489 -6936.83 8340.919 0 10 0
4E 6216 0 0 6386.841 -19311.9 15345.95 1 12 0
4E 6176 16384 0 3744.578 -8884.022 6425.87 1 11 0
4E 59344 32768 0 6493.003 -17218.1 11717 1 10 0
4E 59463 32768 0 -1706.657 -4360.232 5507.909 1 8 0
4E 6216 49152 0 7245.004 -21005.3 15995.71 1 10 0
4E 6160 0 0 6387.002 -16958.7 11334.75 1 10 0
4E 59399 32768 0 50.40874 -1794.503 2672.783 1 8 0
4E 6176 16384 0 3244.578 -8545.022 6425.87 1 9 0
4E 6176 16384 0 3988.478 -9049.222 6425.77 0 10 0
4E 6176 16384 0 3675.578 -8837.321 6427.87 1 6 0
4E 59335 32768 0 51.19877 -363.9018 562.3208 1 12 0
4E 59344 32768 0 6493.003 -17136.6 11597 1 8 0
4E 59344 32768 0 6493.003 -17463.5 12078.3 1 8 0
4E 59319 32768 0 6492.902 -18586.8 14006.31 1 8 0
4E 6176 16384 0 7095.187 -19792.44 15721.58 1 9 0
4E 6176 0 0 6385.997 -16375.1 10474 1 9 0
4E 59321 16384 0 7300.7 -20967.5 16103 1 11 0
4E 6215 0 0 -1594.172 -5186.057 7266.347 1 10 0
4E 6215 0 0 -52.65143 -1694.781 2524.969 1 6 0
4E 6208 16384 0 6787.975 -19583.7 15723.4 1 11 0
4E 0 32768 0 3105.491 -8505 6551.63 0 10 0
4E 59296 32768 0 51.72493 -204.3027 326.6656 1 8.999998 0
4E 6215 0 0 6387.045 -18302.6 13587.06 1 6 0
4E 59264 16384 0 -467.6577 -3235.289 4924.156 1 13 0
4E 59321 0 0 268.1872 -7783.802 6821.763 0 6 0
4E 6208 49152 0 -417.4743 -3201.261 4815.958 1 12 0
4E 6215 0 0 -50.57901 -1203.498 1800.461 1 6 0
4E 6208 49152 0 6616.396 -21431.6 15996 1 7 0
4E 59399 32768 0 53.40874 -1849.103 2752.783 1 9 0
4E 6215 0 0 6387.045 -18064.31 13235.06 1 8 0
4E 6208 49152 0 -577.4742 -3309.662 4817.059 1 12 0
4E 59344 32768 0 6494.003 -16229.6 10258.4 1 10 0
4E 6208 49152 0 6879.916 -21253 15996 1 11 0
4E 59321 0 0 267.9873 -7522.502 7206.763 0 14 0
4E 59321 16384 0 7130.7 -21082.8 16103 1 8 0
4E 6176 16384 0 7746.187 -20233.44 15721.58 1 8 0
4E 59319 32768 0 6492.902 -18891.9 14456.31 1 11 0
4E 6199 0 0 6388.004 -18748.7 14244.8 1 9 0
4E 6073 32768 0 372.689 -7020.33 8217.919 0 8 0
4E 6216 0 0 6386.841 -19411.03 15491.95 1 9 0
4E 6215 0 0 -53.57901 -1031.098 1545.861 1 12 0
4E 0 32768 0 4862.91 -10030 5077.649 0 11 0
4E 59335 32768 0 52.49875 -326.5018 507.3208 1 8 0
4E 59335 32768 0 6492.163 -18224.6 13472 1 7 0
4E 6215 0 0 6387.045 -18227.3 13475.06 1 10 0
4E 59296 49152 0 7280.612 -19917.95 15616.36 1 9 0
4E 6176 16384 0 7846.187 -20301.35 15721.58 1 10 0
4E 6192 49200 0 5843.299 -21772.4 15996.88 1 6 0
4E 6160 0 0 6386.002 -16625.6 10843.75 1 10 0
4E 0 32768 0 320.0034 -6470 9376.273 1 2 0
4E 0 0 0 265.9872 -7995 6422.663 0 6 0
4E 59296 32768 0 53.72493 -58.3028 111.6656 1 12 0
4E 6176 16384 0 8006.187 -20409.77 15721.58 1 12 0
4E 6176 16384 0 7563.187 -20109.64 15721.58 1 8 0
4E 6160 0 0 6387.002 -17699.2 12427 1 11 0
4E 6073 32768 0 372.489 -6828.23 8500.919 0 6 0
4E 59344 32768 0 6493.003 -17288.1 11820.3 1 7 0
4E 6073 32768 0 373.089 -6766.63 8591.919 0 7 0
4E 59319 32768 0 52.53817 -848.1014 1276.49 1 7 0
4E 59335 32768 0 6492.163 -18130.6 13333 1 6 0
4E 0 49152 0 506.7689 -6470 9111.421 1 16 0
4E 6215 0 0 -51.25758 -709.5871 1071.993 1 10 0
4E 59328 16384 0 5801.396 -21800.91 16101.97 1 9 0
4E 6215 0 0 -1816.562 -4723.992 6313.968 1 15 0
4E 6176 16384 0 7333.187 -19953.44 15721.58 1 10 0
4E 6192 0 0 6387.002 -17855.4 12657 1 6 0
4E 59328 16384 0 5861.396 -21760.11 16101.97 1 8 0
4E 59328 16384 0 6097.937 -21599.8 16101.97 1 6 0
4E 6176 16384 0 3619.578 -8799.321 6425.87 1 10 0
4E 6215 0 0 -52.65143 -1630.38 2429.969 1 11 0
4E 59328 16384 0 5728.996 -21850 16101.97 1 7 0
4E 59319 32768 0 52.53817 -469.7018 718.4899 1 7 0
4E 59319 32768 0 6493.919 -17776.51 12540.61 1 10 0
4E 6160 49152 0 7384.504 -20910.5 15995.71 1 8 0
4E 6073 32768 0 375.089 -6622.63 8803.919 0 6 0
4E 59319 32768 0 50.53817 -546.4017 831.4899 1 10 0
4E 0 0 0 266.6059 -6470 9099.928 0 6 0
4E 59335 32768 0 6492.163 -18292.3 13572 1 11 0
4E 6073 32768 0 372.689 -6972.53 8287.919 0 11 0
4E 6176 16384 0 3867.478 -8967.222 6426.77 0 9 0
4E 59335 32768 0 6493.999 -19119.48 15062.03 1 8 0
4E 59319 32768 0 6492.902 -18458.08 13816.31 1 9 0
4E 6215 0 0 -51.75143 -1784.88 2657.969 1 6 0
4E 6215 0 0 -52.57901 -1126.298 1686.761 1 9 0
4E 59296 32768 0 53.72493 -166.3027 270.6656 1 9.999998 0
4E 59321 0 0 4756.531 -9730.128 5921.858 0 7 0
4E 59321 16384 0 6780.099 -21320.7 16103 1 30 0
4E 59319 32768 0 6493.919 -17873.6 12684 1 8 0
4E 59328 16384 0 6021.396 -21651.61 16101.97 1 11 0
4E 6151 0 0 -53.82781 -515.1522 785.554 1 9 0
4E 59319 32768 0 51.65984 -969.9012 1455.908 1 6 0
4E 59296 49152 0 7380.612 -19985.69 15616.36 1 7 0
4E 6073 32768 0 375.089 -6500.53 8983.919 0 8 0
4E 59321 0 0 4754.33 -9559.323 6174.359 0 8 0
4E 0 49152 0 5274.996 -21975 15995.97 1 7 0
4E 6215 0 0 -1595.172 -5227.156 7326.347 1 6 0
4E 59319 32768 0 50.83817 -807.5013 1216.49 1 6 0
4E 59344 32768 0 6493.003 -16398.6 10508.4 1 10 0
4E 6160 0 0 6386.002 -16778.3 11068.75 1 14 0
4E 6176 16384 0 7265.187 -19907.44 15721.58 1 6 0
4E 59321 16384 0 6650.099 -21408.9 16103 1 9 0
4E 59321 0 0 270.1872 -7837.802 6741.763 0 9 0
4E 59321 16384 0 7780.7 -20642.6 16104.56 1 8 0
4E 6208 49152 0 -627.4742 -3343.662 4817.059 1 9 0
4E 59344 32768 0 6494.003 -16303.6 10368.4 1 6 0
4E 6176 0 0 6385.997 -16240 10274 1 6 0
4E 59296 49152 0 7135.473 -19819.3 15618.18 1 8 0
4E 59319 32768 0 6492.902 -18715.8 14196.31 1 7 0
4E 6208 49152 0 -692.0699 -3387.162 4816.582 1 11 0
4E 59296 49152 0 7580.612 -20121.2 15616.36 1 11 0
4E 6199 0 0 6388.004 -18565.5 13974.8 1 10 0
4E 6215 0 0 -1813.662 -4669.992 6233.968 1 7 0
4E 59321 0 0 266.9873 -7631.202 7046.763 0 11 0
4E 59321 16384 0 7012.899 -21162.8 16103 1 7 0
4E 0 49152 0 5396.996 -21975 15995.97 1 9 0
4E 6215 0 0 6387.045 -18383.89 13707.06 1 8 0
4E 59344 32768 0 6493.003 -16933.9 11298 1 7 0
4E 59321 0 0 4754.33 -9655.626 6032.359 0 10 0
4E 6208 49152 0 -1312.07 -3807.862 4815.881 1 10 0
4E 59296 49152 0 7760.612 -20243.28 15616.36 1 7 0
4E 6192 49200 0 5609.399 -21931 15996.88 1 10 0
4E 6176 0 0 6385.997 -16288 10345 1 7 0
4E 0 16384 0 5366.996 -21975 16101.97 1 8 0
4E 6176 16384 0 3927.478 -9008.222 6425.77 0 8 0
4E 0 32768 0 3106.491 -8505 6206.63 0 12 0
4E 59463 32768 0 -1706.657 -4401.232 5567.909 1 6 0
4E 6216 0 0 6386.841 -19144.01 15097.95 1 6 0
4E 59344 32768 0 6493.003 -16744.1 11018 1 9 0
4E 0 0 0 267.6159 -6469.701 9227.928 0 8 0
4E 6176 16384 0 7633.187 -20157.44 15721.58 1 6 0
4E 6208 49152 0 -347.4743 -3153.961 4814.958 1 16 0
4E 59319 32768 0 53.25982 -1017.401 1525.908 1 8 0
4E 0 16384 0 5257.996 -21975 16101.97 1 9 0
4E 6199 0 0 6388.004 -18869.3 14423 1 8 0
4E 6215 0 0 -1594.872 -5109.057 7152.347 1 8 0
4E 6160 0 0 6387.002 -17388.8 11969 1 6 0
4E 6192 49200 0 5976.069 -21682.4 15996.88 1 10 0
4E 59463 32768 0 -1705.657 -4161.232 5213.909 1 10 0
4E 6215 0 0 -52.64753 -635.187 961.9928 1 12 0
4E 59344 32768 0 6493.003 -17089.3 11527 1 6 0
4E 59335 32768 0 6493.999 -19234.58 15232.03 1 10 0
4E 59296 49152 0 7860.612 -20311.23 15616.36 1 9 0
4E 59319 32768 0 51.53817 -508.4018 775.4899 1 6 0
4E 6199 0 0 6388.004 -18789.3 14304.8 1 6 0
4E 0 16384 0 4676.91 -10029.9 5045 0 2 0
4E 59463 32768 0 -1708.056 -4495.931 5707.909 1 9 0
4E 59321 0 0 4755.23 -9696.929 5971.858 0 6 0
4E 6208 16384 0 6867.975 -19638.2 15723.4 1 10 0
4E 59321 16384 0 7570.7 -20784.6 16103.56 1 7 0
4E 6208 49152 0 6661.996 -21400.6 15996 1 8 0
4E 6192 49152 0 7745.8 -20666.4 15994.95 1 6 0
4E 6192 49200 0 5769.399 -21822.4 15996.88 1 11 0
4E 6073 32768 0 373.089 -6664.63 8741.919 0 9 0
4E 59319 32768 0 6492.902 -18770 14276.31 1 10 0
4E 59463 32768 0 -1704.657 -4215.532 5293.909 1 13 0
4E 0 16384 0 456.7689 -6469.7 9218.421 1 6 0
4E 6151 0 0 -51.82781 -550.5521 837.554 1 7 0
4E 6208 0 0 6387.002 -17122.4 11576 1 9 0
4E 59344 32768 0 6493.003 -16448.6 10582.4 1 11 0
4E 6215 0 0 -54.13338 -224.7516 356.7043 1 17 0
4E 59328 16384 0 5588.996 -21944.9 16101.97 1 6 0
4E 6215 0 0 -53.57901 -1164.198 1742.461 1 7 0
4E 6240 49152 0 6046.069 -21635 15996.88 1 7 0
4E 6160 49152 0 7532.495 -20810.5 15995.71 1 6 0
4E 6215 0 0 -50.75143 -1838.18 2735.969 1 7 0
4E 59335 32768 0 6493.999 -19389.2 15460 1 11 0
4E 59321 16384 0 7490.7 -20838.9 16103 1 10 0
4E 6215 0 0 -1813.662 -4588.992 6114.968 1 8 0
4E 6215 0 0 -1595.172 -5350.156 7508.347 1 8 0
4E 6160 0 0 6387.002 -17537.91 12189 1 7 0
4E 59321 0 0 268.9872 -7946.502 6581.663 0 10 0
4E 59351 32768 0 53.90025 -2023.2 3279.621 1 10 0
4E 59344 32768 0 6493.003 -16558.6 10744.5 1 6 0
4E 6216 0 0 6386.841 -19258.31 15266.95 1 7 0
4E 6160 0 0 6387.002 -17243.6 11755 1 11 0
4E 6192 49152 0 7615.8 -20754.1 15994.95 1 9 0
4F 0 16384 0 6439.996 -15914 9148.999 6 1 150
4F 0 0 0 4322.463 -21975 16136.54 21 15 2
4F 0 0 0 4322.463 -21975 15964.54 21 15 2
4F 0 16384 0 3955 -22174.99 16259.5 2 1 10
50 0 32768 0 7700.711 -14455 6093.412 0 6 0
50 0 0 0 3955.61 -22175 15861.19 0 11 0
50 0 32768 0 -1500.517 -6194.631 9260.053 0 0 0
50 0 0 0 -744.9982 -6270 10072.9 0 0 0
50 0 32768 0 -1619.292 -3992.604 5035.46 0 0 0
50 0 32768 0 -1539.517 -6194.631 9259.053 0 0 0
50 0 0 0 -679.9982 -6270 10072.9 0 0 0
50 0 32768 0 -1570.068 -6242.631 9289.987 0 0 0
50 0 49152 0 6057.614 -10890 5029.125 0 7 -7
50 0 16384 0 -1336.002 -6260 9391 0 0 0
50 0 49152 0 6057.614 -10890 4899.125 0 7 -7
50 0 32768 0 -1578.997 -6194.631 9260.053 0 0 0
50 0 32768 0 -1507.517 -6242.631 9290.053 0 0 0
50 0 0 0 3953.562 -22174.99 16234.33 0 11 0
50 5 16384 0 6382.507 -15915 9102.157 0 6 0
50 0 16384 0 4815.523 -21975.01 15917.82 0 0 0
50 6 0 0 -968.7006 -6210 9443.206 0 6 0
50 0 44800 0 272.792 -6470 9658.81 0 0 0
51 0 31520 0 6440.869 -15923 9222.645 60 1 158
52 0 16384 0 7741.001 -13262.08 5652.978 12 10 10
52 0 32768 0 6441.598 -16015 8853.604 60.1 3.500001 1
52 65534 0 0 7660.002 -14543 5804.484 3 0 0
52 65534 0 0 7660.002 -14455 5944.484 3 0 0
53 0 49152 0 6346.598 -10890 4883.999 0 7 -7
53 0 49152 0 -632.45 -6266.695 10068.42 0 6 0
53 0 49152 0 6346.598 -10890 5043.999 0 7 -7
53 0 0 0 6011.452 -10790 4925.983 0 7 -7
53 0 0 0 -1468 -6172.631 9271.001 0 0 0
53 0 32768 0 6011.164 -10790 5003.683 0 6 0
53 0 49152 0 -618.45 -6266.695 9958.422 0 6 0
53 0 16384 0 7585.936 -14355.01 6314.341 0 6 0
53 0 49152 0 6051.614 -10890 4899.125 0 7 -7
53 0 32768 0 6020.72 -10690.01 4442.399 0 0 0
53 0 0 0 -1612 -6172.631 9271.001 0 0 0
53 0 32768 0 5920.367 -10690.01 4442.265 0 0 0
53 0 49152 0 6051.614 -10890 5030.026 0 7 -7
54 0 49152 0 7477.998 -11410.5 4792.003 0 6 0
54 0 32768 0 -869.4908 -6210 9402.474 0 7 0
54 0 49152 0 7477.998 -11410.5 5002.003 0 6 0
54 0 32768 0 2612.996 -8646.979 6452.004 0 6 0
54 0 49152 65346 4119.212 -22132.9 16153.86 0 0 0
54 0 0 0 5856.001 -10740 4389.999 0 7 -7
54 0 0 0 5749 -10740 4477.004 30 50 0
54 0 32768 0 2537.996 -8694.979 6452.004 0 6 0
54 0 0 0 -1540 -6172.631 9271.001 0 0 0
54 0 0 57344 4200.26 -22104 15979.89 0 0 0
54 0 32768 0 6500.065 -11010 5010.002 10 12 5
54 0 49152 0 7477.998 -11410.5 5107.003 0 6 0
54 0 49152 57344 4148.857 -22104 16171.02 0 0 0
54 0 16384 0 7668.453 -11586.1 5380.625 0 11 0
54 0 0 0 7660.001 -14605 6109.999 7660 -14294 6250
54 0 32768 57344 4200.26 -22104 16119.89 0 0 0
54 0 0 0 5755.001 -10740 4389.999 0 7 -7
54 0 49152 0 7477.998 -11410.5 4897.003 0 6 0
54 0 0 0 2537.996 -8694.979 6298.004 0 6 0
54 0 0 0 6500.004 -11010 4920.002 10 12 5
54 0 0 0 2612.681 -8646.979 6298.497 0 6 0
54 0 32768 0 2688.996 -8594.979 6451.004 0 6 0
54 0 0 0 2762.681 -8541.979 6298.497 0 6 0
54 0 32768 0 -973.4908 -6210 9402.474 0 7 0
54 0 0 0 7660.001 -14605 6029.999 7660 -14294 6250
54 0 49152 57344 4148.857 -22104 15929.32 0 0 0
54 0 49152 65346 4119.312 -22132.9 15952.36 0 0 0
54 0 32768 0 2762.996 -8543.979 6451.004 0 6 0
54 0 49152 65346 4119.212 -22132.9 16053.36 0 0 0
54 0 0 0 2688.996 -8594.979 6298.303 0 6 0
54 0 0 0 7660.435 -14355.01 6237.804 0 6 0
55 8192 50101 0 7841.805 -20590.26 16131.19 14 1 218
56 2 0 0 3953.002 -22116.61 15839.48 0 0 0
56 3 49152 0 6049.999 -10671.5 4526.996 0 0 0
56 3 0 0 320.9956 -6413.093 9615.098 20 15 0
56 3 32768 0 6415.627 -15958 8999.501 0 0 0
56 0 49152 0 2390.003 -8800.282 6375.004 20 14 3
56 4 49152 0 6049.999 -10671.5 4394.996 0 0 0
56 2 32768 0 -874.0025 -6254.42 9400.76 0 0 0
56 4 16384 0 -784.9958 -6254.298 10012.64 0 0 0
56 4 16384 0 7030.002 -14394.36 6260.003 0 0 0
56 5 32768 0 7618.999 -14409 6234.495 0 0 0
56 1 32768 0 -814.0025 -6254.42 9400.76 0 0 0
56 0 0 0 4809.999 -9972.002 4575 0 0 0
56 2 32768 0 7622.503 -14343.7 6334.5 0 0 0
56 4 49152 0 394.9956 -6449.093 10015.41 20 15 3
56 3 49152 0 2789.903 -8546.282 6375.004 20 14 3
56 1 32768 0 -1477.996 -6251.767 9449.999 0 0 0
57 0 16384 0 -1475.115 -6162 9245.843 50 28.9 8
57 0 0 0 3840.399 -22140.71 16198.42 52 26 8
57 0 16384 0 6049.798 -10644.81 4455.758 48 33 8
57 0 16384 8192 6365.697 -15953.94 8929.346 60 39 8
57 0 49152 0 6048.056 -10760.89 4827.13 49 49 8
57 0 32768 0 4072.001 -22144.49 15900 38 30 8
57 0 49152 0 -535.0259 -6161 9935.883 53 28 8
57 0 32768 0 4922.795 -10001.4 4635.098 40 32 8
57 0 16384 0 -1604.96 -6161.596 9240.102 46 26.9 8
57 0 49152 0 394.6342 -6425 9949.896 52 31 8
57 0 0 0 7134.158 -14416.19 6334.797 52 36.5 8
57 0 16384 0 395.4043 -6505.904 9828.896 51 36 8
57 0 0 0 7521.158 -14339.19 6334.098 58 56.5 8
57 0 49152 0 5900.375 -10751.89 4803.822 55 42 8
57 0 32768 0 4712.695 -10001.5 4636.5 40 32 8
57 0 16384 0 245.8808 -6426 9765.717 52 31 8
57 0 0 0 6345.921 -10810.89 5085.298 63 42 8
57 0 32768 0 7141.058 -14415.19 6334.098 48 36.5 8
57 0 0 0 7692.158 -14319.19 6334.098 51 36.5 8
57 0 0 0 5985.921 -10751.89 5054.997 63 42 8
57 0 16384 0 7757.596 -14454.19 5769.159 58 48.5 8
57 0 0 0 4051.399 -22144.5 16198.42 45 30 8
57 0 49152 0 7558.835 -14379.39 5856.322 60 35.5 8
57 0 49152 0 7581.635 -14314.39 6145.522 41 30.5 8
57 0 49152 0 -1701.389 -6038.674 9029.207 46 20 8
57 0 49152 0 3790.503 -22146.5 15936.78 38 32 8
57 0 49152 0 421.2042 -6427 9838.896 57 33 8
57 0 49152 0 -784.889 -6201 10051.48 53 28 8
57 0 0 0 5850.518 -10647.81 4523.703 50 38 8
57 0 16384 0 7739.903 -14331.19 6167.522 58 48.5 8
57 0 49152 0 6048.056 -10750.89 4737.13 49 39 8
57 0 35584 0 6199.09 -10755.89 4861.557 55 42 8
57 0 32768 0 6355.921 -10811.89 5084.737 60 41 8
57 0 16384 0 -784.1018 -6179.988 9608.683 56 46.9 8
57 0 16384 8192 6514.197 -15871.73 9010.346 48 33 8
57 0 0 0 5929.518 -10649.81 4345.303 50 38 8
57 0 0 0 -851.1018 -6161.988 9450.405 46 27.9 8
57 0 49152 8192 6365.197 -15872.73 9081.346 50 33 8
58 0 45731 0 427.575 -6420 9633.83 0 0 0
58 0 7040 0 -558.5026 -6172.59 9781.588 56 46.9 8
58 0 47620 65417 4278.012 -22044.2 15935.18 14 16 4
58 0 43524 0 4188.578 -22104 16181.54 14 16 4
58 0 16128 0 6317.857 -15897 9206.285 46 30.5 8
58 0 1593 0 42.4909 -6409 9356.18 16 21 7
58 0 13688 0 7537.332 -14367 5966.635 0 0 0
58 0 48107 0 167.6371 -7450.699 7181.393 1 9 0
58 0 15109 0 2946.272 -8503.806 6570.016 0 0 0
58 0 30523 0 6988.517 -14374.5 6360.389 22 31.5 2
58 0 51716 65417 4278.012 -22044.2 16185.18 14 16 4
58 0 16384 0 2943.661 -8503.781 6157.661 0 0 0
58 0 41984 0 7665.16 -14554.8 5612.706 0 0 0
58 0 40650 0 -1243.727 -6138 9482.106 0 0 0
58 0 16128 0 6580.69 -15890 9207.398 46 30.5 8
58 0 55186 0 6086.428 -10673.02 4563.274 0 0 0
58 0 32458 0 -764.2081 -6156 9241.989 0 0 0
58 0 24074 0 7532.161 -14369 6129.945 0 0 0
58 0 8942 0 4887.697 -9513.502 6449.68 0 10 0
58 0 2492 0 6148.128 -10764 5118.867 0 0 0
58 0 41770 0 4928.19 -10028.5 5427.371 0 10 0
58 0 47620 0 4188.578 -22104 15915.54 14 16 4
58 0 63378 0 6067.507 -10652.02 4317.579 0 0 0
58 59296 32768 0 76.94118 0.08720406 -26.94461 1 6 0
58 0 8638 0 250.6046 -7993.5 6310.092 1 9 0
59 0 8192 16384 292.4978 -6514.896 9854.898 70.6 1.3 0
59 16384 0 0 -1305.07 -6204.999 9347.297 19.99999 1.3 0
59 0 16384 16384 292.4978 -6464.997 9785.002 20 1.3 0
59 0 8192 49152 6467.505 -15959.85 8909.647 70.50001 1.3 0
59 0 49152 16384 6467.804 -15910 8979.502 20 1.3 0
59 0 10251 49152 7659.996 -14500 5859.404 90 1.3 0
59 16384 0 8192 -1350.104 -6230.023 9347.333 35.39999 1.3 0
59 0 55285 16384 -709.9102 -6314.969 9905.045 89.99999 1.3 0
5A 210 0 1 6897.68 -11186.52 4797.547 20 6 2
5A 0 19 1 -1283.776 -6193.03 9347.173 10 10 10
5A 40 19 1 6440.271 -14898.52 6744.579 50 6 2
5A 0 23 1 2489.807 -8840.989 6321.18 30 6 2
5A 400 0 1 319.8714 -7473 7283.175 30 6 2
5A 60 22 1 7730.226 -11590.5 5292.611 20 6 2
5A 112 0 1 -748.8937 -6323.248 9744.344 12 1 15.12
5A 375 0 1 4811.063 -9777.102 4522.563 30 6 2
5A 210 0 1 7014.664 -11243.52 5124.216 20 6 2
5A 0 49171 0 5895.067 -10690.02 4419.6 30 6 12
5A 300 36 1 6439.41 -14921.52 6893.175 50 6 2
5A 0 16403 0 292.0002 -6454 9768.929 10 6 2
5A 0 40 59 7710.005 -11742.15 5520.227 20 6 2
5A 130 19 59392 -262.3845 -6360 10015.26 30 16 2
5A 40 16384 8192 291.6667 -6506 9854.977 30 6 2
5A 0 39 1 -574.1945 -6240.248 10064.96 12 1 15.12
5A 32 53 1 6040.302 -15517.77 7836.765 50 6 2
5A 40 49152 8192 6467.252 -15983.8 8879.895 30 6 2
5A 200 104 1 6438.094 -15946.8 8850.966 20 6 2
5A 60 0 59392 -369.3528 -6282 10015.38 30 10 2
5A 280 70 1 6041.637 -15523.77 7973.798 50 6 2
5A 30 0 1 -1371.001 -6236.03 9347.495 20 10 10
5A 135 49173 6144 -710.3313 -6268.248 9945.129 35 5 4.120003
5A 316 0 1 6884.939 -14458.99 6259.385 60 6 2
5A 30 87 1 6440.267 -15997.8 8755.987 30 6 2
5A 0 49171 0 6467.741 -15901.8 8984.457 10 6 2
5A 0 121 1 6437.398 -15915 9057.933 30 6 2
5C 16 16 48 -139.2678 -3016 4852.796 -54 -33 16
5C 48 16 48 -9.267777 -3016 4852.796 -120 0 20
5C 48 16 64 -1.30291 -2000 3100.637 0 -20 176
5C 32 16 69 -1474.711 -6060 8936.225 -66 0 190
5C 48 16 16 -1540.656 -5050 7068.222 0 -40 50
5C 48 16 48 -1540.656 -5050 6938.222 0 0 120
5C 48 16 48 -1755.8 -4020 4884.924 0 0 120
5C 48 16 16 -1759.961 -4536 6022.506 0 -30 60
5C 48 16 16 -1759.961 -4536 5762.506 0 0 60
5C 64 16 64 -1546.814 -6060 8654.562 0 0 150
5C 48 16 48 -1759.961 -4535 5891.506 0 0 120
5C 48 32 48 -4.462815 -210.1158 314.3262 4 -153 246
5C 32 16 69 -1607.711 -6060 8936.225 66 0 190
5C 48 16 64 -1740.887 -5050 6941.102 150 0 40
5D 10 34560 256 5995.291 -10663.03 4378.843 100 12 50
5E 0 0 0 434.2906 -7460 7393.118 34 56 0
5E 0 0 0 4673.445 -10010 5036.226 0 0 0
5E 0 49152 0 3059.856 -8485 6512.738 34 56 0
5E 0 32768 0 -1653.267 -6040 8699.793 34 53 0
5E 0 32768 0 -1873.262 -4515 5899.756 34 56 0
5E 0 32768 0 -113.8019 -1980 3120.099 34 56 0
5E 0 49152 0 3059.856 -8485 6234.738 34 56 0
5E 0 0 0 433.501 -6450 9152.823 34 56 0
5E 0 32768 0 -1426.267 -6040 8699.793 34 53 0
5E 0 32768 0 114.1981 -1980 3120.099 34 56 0
60 0 0 256 3019.998 -8518 6387.497 3 2 5
61 0 48486 0 397.8 -6462 9199.609 0 0 0
61 0 48486 0 479.4509 -6462 9142.164 0 0 0
61 0 55288 0 5186.087 -21958 16084.64 52 0 0
61 0 47807 0 -1837.96 -4523 5897.879 0 0 0
61 0 53630 0 8238.964 -20434 15930.34 254 87 56
61 0 32 0 3040.242 -8495.113 6328.148 0 0 0
61 0 32015 0 6497.909 -17903 12821.44 0 0 0
61 0 53630 0 8124.715 -20434 16082.66 254 87 56
61 0 28537 2555 5671.391 -21874.3 15927.8 0 0 0
61 0 48005 0 6383.762 -18903 14657.16 0 0 0
61 0 15010 0 -1464.351 -6051 8726.994 0 0 0
61 0 15010 0 -1617.269 -6044 8636.051 0 0 0
61 0 32015 0 6372.431 -17903 12931.59 0 0 0
61 0 55288 0 5138.989 -21958 16025.94 52 0 0
61 0 18899 0 77.94946 -1968 3064.43 0 0 0
61 0 45442 0 4660.065 -10020 5088.959 0 0 0
61 0 45442 0 4750.581 -10020 5046.713 0 0 0
61 0 28537 2555 5484.945 -21956.3 16144.4 0 0 0
61 0 49526 0 396.9555 -7468 7412.45 0 0 0
62 0 65024 1064 7607.065 -12074.68 5511.13 70 500 100
62 0 0 0 5972.028 -10586 4654.776 70 100 130
62 599 1249 506 7655.41 -11505.88 5599.443 70 100 200
62 0 32768 62981 1973.439 -8664.288 6311.801 254 87 56
62 0 0 0 7668.14 -14380 5721.46 115.8 69.8 82
62 0 16384 0 -1552.132 -6010.949 9187.67 70 50 50
62 0 15777 0 7654.779 -14181 6093.809 110 100 100
62 0 0 0 6438.529 -15771 8963.647 90 60 110
62 0 65024 1064 7597.065 -12968.68 5511.13 70 500 100
62 0 16384 0 -1555.813 -6098.949 9314.556 120 50 90
62 0 65024 1064 7597.065 -13868.68 5531.13 70 500 100
63 0 16384 128 2489.996 -8818.997 6427.497 21 17 2
63 0 16384 160 -1285.001 -6229.899 9378.996 25.00002 16 15
63 0 0 192 -1379.901 -6232.996 9450.305 46 23 8
63 0 32768 160 6240.004 -17867 12675.1 80 45 4
63 2164 16384 144 -634.7 -6234.385 9866.19 50 27 2
63 12 49152 160 5999.705 -15384.2 7672.199 22 18 6
63 0 16384 160 2714.993 -8628.293 6422.001 25 19.00002 9
63 0 0 136 5935.429 -10849 5055.398 28 31 6
63 0 0 176 -793.997 -6190.999 9448.99 9 12 3
63 0 32768 192 4887.895 -10005.57 4634.703 30 18 5
63 0 16384 160 7740.395 -14378 6000.002 39 27 9
63 0 16384 144 2789.904 -8577 6324.001 22 17.00002 0
63 0 32768 128 7710.001 -13110 5534.502 24.5 14.5 4
63 0 16384 192 2789.9 -8572.002 6416.797 13 15 7
63 2372 58163 192 6086.22 -15760.77 8443.37 17 20 5
63 0 32768 160 5199.733 -10409 3994.698 22 17 3
63 4889 49152 160 6399.7 -14738 6500.404 24 18 3
63 4889 49152 160 6399.7 -14784 6573.404 22 16 2
63 2446 38504 160 6515.066 -14642.19 6254.932 18 23 6
63 0 16384 160 7740.096 -14363.39 6098.702 49 36.5 3
63 0 16384 176 2564.999 -8732.201 6412.502 16 18 5
63 599 0 160 7785.897 -11690 5506.199 21 23 7
63 0 0 224 3880 -22152 16199.49 30 17 4
63 0 32768 192 262.9997 -6433 9614.603 16 19 6
63 57344 16384 80 4116.999 -22151 16050 22 15 3
63 0 49152 112 5900.695 -10843 4828 49 38 3
63 0 32768 160 5121.733 -10356 3994.698 23 15 4
63 14 16384 80 4116.902 -22151.7 15963.24 24 15.9 9
63 0 16384 192 2639.999 -8676 6327.998 25 15 4
63 0 16384 80 4116.95 -22151.9 16132.54 19 16 7
63 0 16384 224 6050.396 -10858.71 4834 23 26 7
63 0 32768 192 -218.3007 -6312.4 9974.706 23 22 2
63 0 32768 208 4031.001 -22151.5 15899.5 30 17 4
63 12 32768 112 5943.443 -10645.42 4344.797 59 32 8
63 0 16384 128 2489.996 -8818.997 6322.497 21 15 3
63 0 49152 160 157.5997 -6447.9 9394.603 24 17 3
63 0 64717 160 5691.001 -10673.41 4473.798 19 22 6
63 0 49152 176 6400.027 -14899.5 6811 37 23 4
63 0 0 176 -793.997 -6162.999 9448.99 9 12 3
63 0 0 144 5965.003 -10776.2 5055.196 60 36 2
63 0 32768 192 3849.001 -22152 15899.5 16 16 5
63 6 32768 176 7559.771 -11460.76 5331.474 76 54.99999 4
63 0 49152 112 -1881.751 -3897.301 5001.889 22 30 6
63 0 32768 144 -987.9012 -6192.396 9299.604 25 17 3
63 12 49152 160 5999.704 -15496 7898.199 35 19 4
63 0 32768 208 4740.004 -10006.5 4635.502 27 17 4
63 0 0 224 -174.3007 -6312.4 10055.3 26 22 6
63 0 0 144 6382.697 -15879 9149.799 17 20 6
63 0 0 192 7700.003 -14381 6234.901 32 22 2
63 0 32768 176 377.9997 -6433 9614.702 16 21 7
63 0 32768 192 -1397.901 -6226.996 9299.604 25 17 3
63 12 49152 160 5999.705 -15332.2 7597.199 22 15 3
63 0 0 176 4054.999 -22151.5 16199.5 27 17 3
63 0 0 224 -224.3007 -6311.5 10055.3 18 20 3
63 0 32768 160 5048.733 -10309 3994.698 22 17 3
63 0 16384 176 -635.0984 -6300.001 9848.998 31 33 7
63 0 49152 64 2189.9 -8879 6156.337 110 60 0
63 0 49152 112 5900.695 -10858 4914 32 28 1
63 12 49152 160 5999.705 -15431.2 7744.199 22 15 3
63 0 49152 192 7030.048 -14418 6317 15 17 6
63 0 58228 176 5552.864 -10632.19 4415.234 20 20 2
63 0 9014 144 6423.313 -15149.89 7313.831 19 23 7
63 0 16384 208 -534.7047 -6241.243 9955.27 19 21 5
63 4889 49152 160 6399.7 -14830 6643.404 22 16 3
63 0 49152 160 157.5997 -6447.9 9334.603 24 17 3
63 0 0 48 201.1039 -6443.192 9155.003 12 26 6
63 0 16384 208 -534.7047 -6241.243 10074.77 19 21 5
63 0 32768 144 -936.9012 -6192.396 9299.604 23 15 6
63 0 16384 144 2564.999 -8732.002 6337.001 14 16 6
63 0 32768 144 -868.9012 -6192.396 9299.604 28 16 2
63 0 23792 160 5492.632 -10540.2 4080.036 17 22 7
63 0 16384 160 -634.6985 -6282.343 9907.496 24 21 3
64 0 44648 0 6438.064 -15915 9337.734 52 0 0
64 0 44648 0 6438.349 -15915 9671.178 132 0 0
64 0 44648 0 6438.349 -15915 9471.178 132 0 0
64 0 7080 0 6437.221 -15933 9196.904 52 0 0
64 0 44648 0 6438.064 -15915 9267.734 52 0 0
65 0 63024 0 5911.998 -10690 4354.947 0 0 0
65 0 16986 0 7491.037 -11410.5 5143.792 0 0 0
65 0 1084 0 2796.344 -8505 6391.057 0 0 0
65 0 213 0 -1297.71 -6260 9360.171 0 0 0
65 0 29092 0 7120.16 -14455 6325.17 0 0 0
65 0 4095 0 386.4258 -6470 10048.37 0 0 0
65 0 49690 0 4010.486 -22175 15913.38 0 0 0
65 66 55542 96 4912.17 -10029.65 4669.98 0 0 0
