18 0 0 0 -586 895 -2145 7 2 -7.300001
18 0 0 0 -552.1 882.5001 -2144.9 7 1 -7.300001
18 0 63536 0 -524.7998 873.5999 -2142.899 1 -2 -7.300001
15 266 36122 63640 393.75 713.9 -1353.03 5 15.9 0
20 768 16878 3328 1107.81 544 -917.96 2 0.3 7
33 64772 55900 65420 3427.31 86.2 -2699.76 -0.3 4.6 13
15 0 12639 0 3992.86 501.98 -2867.29 4 21 0
15 0 12639 0 3997.86 501.98 -2878.2 4 21 0
15 57600 48966 56064 4303.82 382.01 -2787.96 4 21 0
2B 61183 64514 61031 2288.28 144.84 -1117.09 1 1 1
1D 1034 56170 63128 422.98 612.4099 -1043.49 -0.3 0.9 13
15 0 10180 0 5980.54 7 -2666.68 3 21 0
15 64010 41298 63128 98.52 775.9 -1954.84 5 15.9 0
15 1034 38682 63128 158.97 679.9 -1797.81 5 15.9 0
15 266 35354 63640 449.3 721.9 -1115.92 5 15.9 0
15 4838 43818 63640 486.03 627.9 -776.54 3 15.9 0
15 683 57668 61371 4710.43 199.8 -2905.87 3 21 0
15 1034 46186 63128 -322.81 827.9 -2117.69 5 15.9 0
15 1034 45418 63128 -183.24 885.9 -2143.42 5 15.9 0
15 1034 45354 63128 -186.8 877.9 -2142.29 5 15.9 0
15 64010 41498 63128 98.52 786.9 -1955.84 5 15.9 0
2 61229 57662 3860 3871.98 438.5 -2717.1 93.15 2.95 26.4
20 0 39896 0 3659.48 508 -2833.1 3.15 -6.85 26.4
2D 0 22528 0 3715.19 140 -2571.61 35.09 23 0
20 1024 12962 2560 1417.62 545 -1102.51 0 0 0
48 62145 620 60376 -645.02 941.3 -2170.4 0 0 0
3 0 17738 61760 4480.29 239.02 -2784.32 0 0 2
14 63970 54416 64319 -868.87 921.22 -2418.18 24.2 20 0
14 63799 54116 64383 -904.29 1049.99 -2384.12 42 43 30
20 62043 480 1689 2990.68 363.51 -2737.28 35.09 22 2
22 52442 35038 5393 1075.12 646.86 -793.48 0 0.3 0
42 0 34281 0 826 493.7 -938.66 0 4 0
15 0 39978 8 668.84 547.9 -860.22 4.01 12.9 1
1F 1034 56170 63128 935.83 555.49 -889.97 -0.3 0.9 13
3F 62063 15978 57917 -963.32 943.22 -2405.52 0 0 0
3 0 38028 0 2959.86 -0.01 -2047.66 14.59 74 13
2B 64872 2423 61239 1990.92 275.18 -1078.9 1 1 1
D 1069 4588 532 3672.56 140.72 -2596.53 4.9 0 0
3E 62287 7406 5622 1360.76 544.88 -1159.2 2 0.3 7
26 22528 31421 15911 1150.18 591.03 -1060.2 -0.3 2 13
26 22528 21773 15911 1189.56 591.02 -1194.99 -0.3 2 13
15 0 39978 8 535.2 547.9 -838.79 4.01 12.9 1
14 54528 30742 8704 2526.5 226.4 -977.11 71 50 10
2D 0 19834 0 2778.77 274.89 -2422.22 1 1 1
4F 0 23771 0 3811.62 272.07 -2847.36 504.69 36 224.1
15 0 32026 8 1150.01 550.9 -1038.43 2.1 20.9 0
2D 64338 4384 1444 2691.62 340.38 -2873.88 35.09 22 2
20 768 19530 3328 3328.73 4 -1375.37 3.7 0.9 0.4
D 0 30543 240 3369.42 69.7 -2765.88 2.15 -6.85 26.4
15 3584 20506 62984 2771.61 82.7 -1035.02 3.9 20.9 0
15 3584 13850 62984 2325.93 160.7 -1064.75 3.9 20.9 0
14 63799 55396 64383 -847.86 1150.99 -2314.16 42 43 30
15 10 45066 6296 729.9 641.7 -717.96 4.1 15.9 0
15 61962 38154 6296 843.07 635.7 -844.62 4.1 15.9 0
15 19712 11034 408 1950.15 299.9 -1015.43 2.1 20.9 0
15 3584 13850 62984 2322.64 168.7 -1053.21 3.9 20.9 0
3F 64937 47847 64744 859.27 697.5 -698.05 0 4 0
14 0 4896 0 2684.96 352.19 -2915.03 21 20 0
2E 64022 1472 600 2744.85 344.41 -2890.4 35.09 22 2
3 512 16579 53288 3114.98 165.44 -2627.75 0 0 0
37 65280 17994 64256 3263.63 49.2 -1652.07 3.7 0.9 0.4
28 274 49281 1021 5183.81 8.16 -2661.96 12.49 52 29.7
15 0 39978 8 837.33 547.9 -838.71 4.01 12.9 1
D 1069 4588 532 3161.46 -0.28 -2630.8 6.7 0 0
21 63053 53873 65336 5087.59 22.25 -2686.49 35.09 22 13
2 59181 3308 56852 3730.92 138.32 -2562.7 4.9 6.6 0
15 19712 11334 8 1948.59 299.9 -1027.82 2.1 20.9 0
3 100 17531 120 3328.68 8.44 -2606.8 9 0 0
15 0 8218 8 1366.2 550.9 -1100.34 4.1 20.9 0
15 0 16410 8 1214.68 550.9 -1201.98 2.1 20.9 0
26 0 9565 0 1353.42 591.02 -1115.75 -0.3 2 13
3E 62287 48878 2806 1282.3 544.89 -1141.52 2 0.3 7
15 1642 1697 1410 2736.92 284.2 -2500.52 3.39 16 0
15 1386 39978 63640 397.54 542.8 -877.22 3 15.9 0
3E 62545 48582 65439 391.75 556.24 -944.42 0 0 0
3E 64253 59713 3858 3609.31 139.71 -2596.13 35.09 22 0
2B 2145 58294 63806 7.17 720.63 -1939.56 1 1 1
15 0 113 10 2924.56 338.59 -2845.36 4 11 1
15 2838 33562 63640 454.89 678.9 -907.85 3 15.9 0
14 3035 30173 65286 493.37 633.36 -734.78 0 0 0
3 0 16741 0 553.17 606.4 -740.72 0 0 0
14 3035 33741 65286 617.48 633.36 -720 0 0 0
15 0 58629 0 2982.35 -6.01 -1306.76 6 20 1
22 6545 53313 9984 2678.69 295.34 -2642.38 35.09 22 13
2D 0 65119 53124 3092.09 216.41 -2616.85 1 1 1
37 65280 17994 64256 3266.98 49.2 -1467.69 3.7 0.9 0.4
24 0 39896 0 3666.07 487.7 -2827.12 3.15 -6.85 26.4
21 64256 695 0 7140.82 -0.22 -2234.85 -0.3 4.6 13
2B 0 61260 0 4035.99 495.85 -2809.04 1 1 1
15 0 5572 0 6108.61 6.97 -2510.9 3 21 0
20 830 24934 4207 4838.09 138.98 -2815.11 35.09 22 13
37 65280 17994 64256 3188.4 58.2 -1562.31 3.7 0.9 0.4
24 1043 24135 19 3925.58 282.77 -2744.96 3.4 0 0
2B 0 25373 0 3360.16 69.8 -2571.71 35.09 22 2
2B 0 3129 0 3854.92 495.85 -2922.28 1 1 1
20 1536 41266 0 3245.75 -1.97 -2722.31 3.15 -6.85 26.4
2B 0 2086 0 3815.4 495.85 -2913.73 1 1 1
22 56563 44578 7669 3477.15 216.05 -2519.52 2.15 -5.85 26.4
3F 4352 54897 2541 4503.36 254.4 -2822.06 35.09 22 13
20 64243 49458 1013 3611.04 137.05 -2597.03 2.15 -5.85 26.4
33 65181 32031 64694 358.26 586.53 -942.02 0 0 0
2E 1002 17784 64785 2763.85 296.04 -2636.76 1 1 1
46 0 61290 0 -300.22 1115 -2143.01 0 0 -0.3
46 65534 64618 0 -190.77 1082 -2084.56 0 0 -0.3
46 65534 57976 0 212.04 952.02 -1750.78 -0.45 0 -0.3
46 0 55160 0 186.97 958.8 -1798.61 -0.35 0 -0.3
3F 62442 34314 424 -636.55 924.2 -2142.27 -0.3 0.9 13
34 1069 41247 1462 393.81 575.43 -942.34 0 0 0
34 2048 30751 0 478.85 559.7 -797.06 0 0 0
2A 0 62903 0 1062.5 539 -971.93 -0.3 4.6 13
3E 218 33190 2577 1082.39 542.5 -836 1 0 0
2A 599 38492 629 -902.9 899.61 -2429.68 0 0 0
34 63937 53084 5080 -884.95 935.8 -2377.89 0 0 0
31 63937 53084 2008 -884.67 949.8 -2370.79 0 0 0
20 3741 13504 1322 2667.11 329.84 -2854.22 35.09 22 2
13 0 4400 39 -935.9 899.4 -2418.01 -0.3 0.9 13
2A 64343 5980 629 -838.93 899.71 -2294.65 0 0 0
33 87 54108 1397 -843.89 915.71 -2298.55 0 0 0
3E 2677 26540 5739 -950.21 957.56 -2568.58 2 0 7
34 63937 61788 5080 -779.96 933.8 -2241.22 0 0 0
47 87 65372 629 -848.95 890.71 -2309.98 0 0 0
2A 60036 29020 64708 -948.37 1017.87 -2653.86 0 0 0
2A 1861 8074 8 -971.41 900.34 -2413.74 0 -0.2 0
2A 1861 14218 8 -1009.71 1092.54 -2802.02 0 -0.2 0
17 65024 52642 5376 1404.33 562.5 -952.97 10 27 0
3F 599 50268 1141 -905.78 918.31 -2420.88 0 0 0
33 65086 17754 64269 -963.49 915.79 -2401.49 0 0 0
2A 1681 2692 0 2749.34 297.76 -2654.58 0 0 0
47 3574 42116 3356 2666.09 296.27 -2666.02 0 0 0
37 65280 17994 64256 2880.27 100.2 -2096.86 3.7 0.9 0.4
2B 0 205 0 3759.7 495.85 -2815.07 1 1 1
2B 65432 64806 65524 3895.02 495.85 -2933.18 1 1 1
22 11488 818 0 3268.52 -2.77 -2582.03 3.15 -6.85 26.4
20 22 42176 4440 2739.46 341.72 -2896 35.09 22 2
2B 0 5632 0 3779.29 495.85 -2893.48 1 1 1
2B 1773 62564 63315 -304.63 811.59 -2089.8 1 1 1
2B 0 4276 0 3741.22 495.85 -2876.15 1 1 1
12 0 18253 0 3695.36 506.71 -2832.41 0 0 0
2B 0 5945 0 3800.92 495.85 -2818.02 1 1 1
2B 0 626 0 3836.26 495.85 -2838.63 1 1 1
2B 0 2608 0 3878.15 495.85 -2841.78 1 1 1
2B 0 63346 0 3918.76 495.85 -2850.44 1 1 1
2B 0 61364 0 3959.09 495.85 -2841.06 1 1 1
2B 0 61468 0 3997.42 495.85 -2824.89 1 1 1
3F 0 60017 3072 3686.67 160 -2648.51 35.09 22 0
2E 0 1147 64389 4519.16 225.64 -2807.75 1 1 1
2B 64506 2295 59606 1856.92 345.69 -1042.24 1 1 1
2B 64352 1987 58458 1827.86 369.41 -1034.95 1 1 1
2B 64229 1809 57840 1800.35 395.26 -1028.61 1 1 1
2B 64279 1460 57084 1774.04 422.65 -1023.26 1 1 1
2B 1623 63073 63264 -417.12 841.04 -2118.82 1 1 1
2B 64567 1230 56832 1748.2 450.68 -1018.66 1 1 1
2B 64790 1110 57123 1721.96 478.4 -1014.88 1 1 1
2B 64851 944 57748 1693.92 504.27 -1011.76 1 1 1
2B 65238 667 59392 1662.36 525.3 -1009.35 1 1 1
2B 4 182 63971 1588.91 544.19 -1007.23 1 1 1
3E 429 52033 1578 2672.09 329.93 -2864.03 35.09 22 6
2B 62747 816 61298 2173.97 195.42 -1115.17 1 1 1
14 65461 410 61887 1626.36 544.48 -1055.7 55 34 1
2B 1673 63039 63278 -379.49 831.27 -2109.69 1 1 1
2B 61720 65167 60952 2249.73 161.82 -1118.71 1 1 1
2B 62333 362 61218 2211.72 178.69 -1117.91 1 1 1
2B 0 2295 0 3718.9 495.85 -2806.49 1 1 1
2B 0 62720 0 4108.08 495.85 -2771.6 1 1 1
2B 0 57087 0 4118.6 495.85 -2870.57 1 1 1
2B 0 59695 0 4072.01 495.85 -2792.79 1 1 1
2B 1723 62832 63295 -341.98 821.45 -2100.06 1 1 1
2B 0 54688 0 4097.39 495.85 -2905.04 1 1 1
37 65280 17994 64256 6127.27 99.2 -2272.38 3.7 0.9 0.4
2B 0 1043 0 3978.93 495.85 -2926.77 1 1 1
2B 0 64493 0 3936.95 495.85 -2930.3 1 1 1
3F 0 64625 0 3736.21 494.4 -2873.06 35.09 22 13
2B 2156 57678 63911 36.71 710.67 -1914.41 1 1 1
2B 2157 57134 64024 64.78 700.89 -1887.57 1 1 1
2B 1526 63319 63240 -492.63 860.52 -2136.08 1 1 1
2B 2151 56487 64144 91.36 691.35 -1859.19 1 1 1
2B 2133 55912 64271 116.38 682.08 -1829.34 1 1 1
2B 2105 55367 64406 139.82 673.13 -1798.14 1 1 1
2B 2066 54832 64546 161.63 664.53 -1765.7 1 1 1
2B 2018 54307 64692 181.81 656.31 -1732.13 1 1 1
2B 1960 53817 64842 200.38 648.5 -1697.55 1 1 1
2B 1901 53427 64993 217.4 641.1 -1662.11 1 1 1
2B 1811 53044 65063 233.04 634.04 -1625.97 1 1 1
2B 1732 52720 65125 247.43 627.32 -1589.27 1 1 1
2B 1662 52378 65180 260.75 620.9 -1552.11 1 1 1
2B 1685 63351 63305 -530.43 870.23 -2144.43 1 1 1
2B 1594 52354 65232 273.62 614.76 -1512.48 1 1 1
2B 1492 51897 65292 284.88 608.84 -1476.94 1 1 1
2B 1507 51820 65315 295.43 603.07 -1438.75 1 1 1
2B 64946 2370 61329 2026.35 258.8 -1088.16 1 1 1
2D 65453 8272 554 2666.3 330.44 -2842.74 35.09 22 2
2C 61267 64418 60757 2326.41 128.11 -1113.05 1 1 1
2B 63267 1370 61460 2136.54 211.8 -1110.49 1 1 1
2B 64315 2104 61535 2062.55 243.53 -1096.73 1 1 1
2B 63790 1678 61515 2099.38 227.85 -1104.37 1 1 1
2B 1575 63199 63251 -454.84 850.79 -2127.58 1 1 1
14 65461 2458 61887 1839.41 378.48 -1095.54 149 204 1
2B 64929 2543 61549 1955.47 290.14 -1069.3 1 1 1
2B 64793 2510 61044 1921.08 306.44 -1059.77 1 1 1
2B 64641 2459 60327 1888.16 324.96 -1050.66 1 1 1
2B 2015 60645 63501 -123.56 761.34 -2022.09 1 1 1
22 55235 36095 243 4570.93 219.22 -2870.15 1 1 1
2B 285 65329 63773 5101.02 18.6 -2686.17 1 1 1
3E 63582 34881 1299 2992.23 364.93 -2743.27 35.09 22 0
2B 1940 64340 61053 4958.19 75.81 -2696.18 1 1 1
22 11413 60518 3366 4796.06 162.53 -2925.56 35.09 22 13
2B 0 59612 0 4072.14 495.85 -2792.86 1 1 1
2B 91 10397 61942 4693.7 201.89 -2923.69 1 1 1
3F 63236 34560 65405 2972.02 332.17 -2840.19 35.09 22 2
2B 2057 60052 63561 -89.25 751.14 -2004.19 1 1 1
24 605 18515 62894 4745.6 159.23 -2902.8 1 1 1
2C 1444 51780 65416 325.7 586.48 -1324.03 1 1 1
2B 0 42333 0 3463.34 69.8 -2568.73 35.09 22 2
2B 2093 59481 63632 -55.94 740.92 -1984.46 1 1 1
2B 2123 58926 63714 -23.77 730.74 -1962.91 1 1 1
14 0 59797 0 1652.92 712.61 -1034.16 63 66 20
2B 2689 55426 62190 4905.61 112.35 -2743.32 1 1 1
2B 1994 51654 63230 4897.6 122.71 -2781.3 1 1 1
2B 1416 50690 63502 4888.27 137.44 -2862.95 1 1 1
2B 1496 50610 63421 4892.8 129.98 -2821.27 1 1 1
2B 3304 61140 61219 4925.56 96.5 -2712.53 1 1 1
2D 0 65223 53332 3049.08 322.78 -2620.55 1 1 1
2B 1572 51744 63610 4879.31 145.58 -2904.28 1 1 1
2B 1698 58684 63822 4829.46 165.17 -2968.91 1 1 1
2B 1970 61085 63450 -158.7 771.5 -2038.3 1 1 1
2B 1329 1368 62597 4749.61 185.66 -2978.92 1 1 1
2B 1376 62339 63298 4790.42 175.18 -2982.67 1 1 1
23 3212 61014 3369 3678.73 250.38 -2658.79 1 1 1
2B 797 5949 62126 4716.55 194.78 -2958.3 1 1 1
3E 63582 37953 1299 2992.23 364.93 -2743.27 35.09 22 -10
17 0 44810 0 4835.59 144.32 -2834.14 -2.3 0 0
2B 558 936 63799 5098.68 17.69 -2636.49 1 1 1
2B 670 1384 62000 5022.11 41.13 -2625.94 1 1 1
18 2801 32270 12 -986.95 1142.16 -2897.76 32 43 5
2B 452 65127 62450 -567.85 881.92 -2145.47 1 1 1
2B 1873 61913 63372 -230.83 791.67 -2066.36 1 1 1
2B 1734 54441 63764 4860.32 155.41 -2942.27 1 1 1
17 0 44810 0 4917.14 87.32 -2628.64 -2.1 0 0
2B 863 1264 61797 4986.35 54.65 -2621.26 1 1 1
2B 488 1447 62751 5062.24 27.36 -2631.38 1 1 1
2B 65535 104 65432 5138.58 11.41 -2639.49 1 1 1
2B 65499 56150 541 2967.92 2.81 -1500.07 1 1 1
2C 0 0 0 5174.51 11.04 -2640 1 1 1
2B 156 65327 65259 5139.69 12.2 -2685.2 1 1 1
2B 660 65146 61906 5026.62 43.59 -2688.55 1 1 1
23 409 34196 7061 493.36 806.72 -1013.03 0 0 0
2B 1922 61539 63407 -194.51 781.62 -2052.99 1 1 1
2B 414 64770 61154 4990.61 59.47 -2691.25 1 1 1
20 935 55398 65213 4851.56 117.28 -2697.98 35.09 22 13
2B 65270 1331 64625 4588.52 220.73 -2873.37 1 1 1
2B 1823 62245 63342 -267.57 801.66 -2078.57 1 1 1
2B 1447 56079 62141 4861.98 113.52 -2681.02 1 1 1
4B 0 32077 0 6185.18 -20 -2324.63 9.99 1 120
15 0 10180 0 5975.94 6.8 -2649.97 3 21 0
2B 1717 51329 64501 4842.17 131.36 -2755.3 1 1 1
15 683 34884 61371 4857.57 149.8 -2864.9 3 21 0
17 0 44810 0 4836.83 136.32 -2794.64 -1.1 0 0
2B 1734 53126 63764 4817.37 157.82 -2913.18 1 1 1
2B 1416 49866 63456 4839.21 137.42 -2794.87 1 1 1
2B 1220 191 61373 4950.57 69.94 -2620.24 1 1 1
2B 1757 63064 61563 4916.48 85.57 -2629.62 1 1 1
2C 0 63450 0 4142.42 495.85 -2762.13 1 1 1
2C 0 57609 0 4143.3 495.85 -2844.89 1 1 1
2D 0 1877 59382 3197.08 42.57 -2684.98 1 1 1
2C 0 0 63659 3276.36 11.7 -2591.28 1 1 1
3E 65392 51521 6112 2774.96 350.59 -2878.21 35.09 22 6
2B 1478 51743 65352 305.84 597.45 -1400.6 1 1 1
2D 0 64493 60738 4194.75 482.15 -2837.96 1 1 1
2D 0 1669 61781 4471.5 241.97 -2761.84 1 1 1
2D 1330 18203 64776 2698.29 283.63 -2557.45 1 1 1
2D 0 1877 62303 4494.78 233.15 -2765.87 1 1 1
2D 0 64806 62198 4173.24 489.45 -2757.06 1 1 1
2A 0 29532 0 3306.74 69.1 -2767.45 -0.3 4.6 13
2C 0 0 0 5174.91 10.89 -2684.43 1 1 1
2B 231 8131 62392 4751.31 178.01 -2890.81 1 1 1
2D 0 313 62303 4495.25 233.03 -2806.89 1 1 1
23 63946 34902 56713 3705.61 267.93 -2461.15 1 1 1
2D 0 313 61781 4471.91 241.87 -2806.31 1 1 1
2D 0 65432 61051 4426.33 262.31 -2806.49 1 1 1
2D 0 104 61364 4448.94 251.67 -2806.14 1 1 1
2D 1300 19672 64688 2693.34 287.76 -2584.34 1 1 1
2D 0 65223 60529 4404.22 273.94 -2807.43 1 1 1
2D 9 64910 59799 4383.05 286.83 -2808.93 1 1 1
24 1043 24135 19 3883.56 420.77 -2700.33 3.4 0 0
2D 0 64702 58652 4362.97 301.99 -2810.87 1 1 1
2D 0 64597 57713 4344.64 318.92 -2813.13 1 1 1
2D 0 64493 56774 4327.99 337.51 -2815.58 1 1 1
2D 0 64493 56044 4312.6 357.14 -2818.17 1 1 1
2D 0 65154 53020 3081.3 243.13 -2617.9 1 1 1
2D 1164 17879 64906 2702.18 279.98 -2530.48 1 1 1
2D 0 64284 63033 4150.44 494.93 -2759.88 1 1 1
2D 0 0 56044 4312.97 357.06 -2749.09 1 1 1
2D 0 104 56774 4328.31 337.44 -2748.95 1 1 1
2D 0 209 57713 4344.88 318.88 -2749.13 1 1 1
2D 0 417 58652 4363.11 301.97 -2749.72 1 1 1
2D 9 730 59799 4383.08 286.83 -2750.85 1 1 1
2D 0 1043 60529 4404.14 273.97 -2752.61 1 1 1
2D 0 64389 55627 4297.91 377.29 -2820.84 1 1 1
2D 0 64407 55627 4283.4 397.57 -2823.58 1 1 1
2D 0 64389 55836 4268.59 417.62 -2826.4 1 1 1
2D 0 1238 61051 4426.12 262.36 -2755.06 1 1 1
2D 0 1565 61364 4448.61 251.75 -2758.18 1 1 1
2D 0 382 53020 3070.71 269.84 -2665.13 1 1 1
3 224 16531 53128 3114.76 165.44 -2652.28 0 0 0
2D 0 65354 60321 3004.12 377.85 -2622.76 1 1 1
2D 11 64389 62199 3222.41 26.29 -2593.98 1 1 1
2D 0 417 53124 3092.09 216.41 -2667.11 1 1 1
2D 0 522 53645 3103.57 189.54 -2668.31 1 1 1
2D 0 626 53750 3115.27 163.59 -2669.72 1 1 1
2D 0 730 54375 3128.02 137.39 -2671.4 1 1 1
2D 0 64493 55106 3142.08 111.95 -2610.44 1 1 1
2D 502 17131 65162 2708.25 275.47 -2476.14 1 1 1
2D 0 1356 55940 3157.98 87.19 -2676.3 1 1 1
2D 0 1043 55106 3142.08 111.95 -2673.52 1 1 1
2D 0 1147 62198 3222.37 26.3 -2689.68 1 1 1
2D 0 0 63137 3249.76 17.6 -2691.83 1 1 1
2D 0 0 63137 3249.76 17.6 -2591.28 1 1 1
2D 0 63659 59382 3197.09 42.57 -2598.92 1 1 1
2D 0 64180 55940 3157.98 87.19 -2607.67 1 1 1
2D 53 63764 56988 3176.32 64.38 -2603.8 1 1 1
1 0 0 0 0 0 0 0 0 0
2D 65281 23174 182 2794.85 275.71 -2399.81 1 1 1
2D 64330 22468 627 2821.29 290.74 -2280.5 1 1 1
2D 65285 25782 187 2749.63 275.6 -2395.37 1 1 1
2D 203 18896 65486 2769.78 274.73 -2448.49 1 1 1
2D 617 18481 65430 2763.34 275.52 -2475.06 1 1 1
2D 1033 14925 145 2758.58 277.22 -2502.42 1 1 1
2D 1348 14478 246 2762.31 279.87 -2529.71 1 1 1
2D 1642 14282 300 2767.25 283.47 -2556.51 1 1 1
2D 1659 17867 65350 2771.86 287.72 -2582.76 1 1 1
2D 1446 17867 65330 2767.98 292.17 -2609.16 1 1 1
2D 0 65223 55210 3024.42 366.85 -2622.26 1 1 1
2D 0 65327 55627 4298.32 377.2 -2749.44 1 1 1
15 5408 16287 56336 3167.8 90 -2643.24 3.09 19 0
2D 0 65223 53124 3060.08 296.43 -2619.71 1 1 1
3 53488 32430 14592 3056.62 82.52 -1160.75 0 0 0
2D 0 65223 53958 3036.7 347.87 -2621.48 1 1 1
3E 62571 16705 59677 2930.89 384.22 -2742.87 35.09 22 6
2D 0 313 55210 3024.42 366.85 -2661.71 1 1 1
14 33280 32543 56832 2984.1 408.7 -2588.43 65.09 42.15 2
2D 0 313 53958 3036.7 347.87 -2662.49 1 1 1
2D 0 313 53332 3049.08 322.78 -2663.42 1 1 1
2D 875 17871 65007 2706.08 277.22 -2503.46 1 1 1
D 0 30543 240 3384.58 69.7 -2739.77 2.15 -6.85 26.4
2D 251 15768 65349 2706.96 274.6 -2447.4 1 1 1
2D 0 64806 54375 3128.02 137.39 -2612.57 1 1 1
2D 0 64910 53750 3115.27 163.59 -2614.25 1 1 1
2D 0 65014 53645 3103.57 189.54 -2615.66 1 1 1
2D 0 1772 56983 3176.32 64.38 -2680.16 1 1 1
2B 1489 53276 62535 4848.71 123.75 -2716.68 1 1 1
2D 0 24423 0 2727.4 274.74 -2413.44 1 1 1
2D 65200 27978 529 2853.61 280.65 -2344.37 1 1 1
2D 64951 24018 437 2769.4 277.2 -2374.26 1 1 1
2D 64779 23817 556 2787.28 279.43 -2353.33 1 1 1
17 65024 52642 5376 1567.36 766.5 -1018.65 10 27 0
2D 64148 19156 896 2807.59 287 -2303.22 1 1 1
2D 64238 19986 854 2895.91 294.75 -2254.68 1 1 1
52 0 24135 0 1078.81 656.17 -748.29 6.5 0 0
2D 64021 18715 391 2878.99 286.98 -2303.15 1 1 1
2D 64829 25356 776 2872.15 282.87 -2328.62 1 1 1
2D 64169 19891 944 2887.99 291.21 -2277.41 1 1 1
2D 64993 24228 488 2829.65 279.07 -2357.62 1 1 1
2D 65034 23076 374 2811.21 277.13 -2377.88 1 1 1
2D 1209 20398 64730 2684.81 291.86 -2610.08 1 1 1
20 2294 46212 540 2855.39 296.97 -2207.52 0 0 0
2D 0 64389 57192 4235.91 455.16 -2832.22 1 1 1
2D 0 64389 56357 4252.98 437.04 -2829.29 1 1 1
2D 0 64389 62198 4172.75 489.55 -2840.63 1 1 1
2D 0 64597 63033 4150.92 494.93 -2842.91 1 1 1
2D 0 65119 57192 4236.37 455.07 -2752.57 1 1 1
2D 0 65223 56357 4253.45 436.94 -2751.52 1 1 1
2D 0 65223 55836 4269.06 417.53 -2750.66 1 1 1
2D 64534 23104 751 2837.1 294.11 -2258.79 1 1 1
2D 0 65327 55627 4283.85 397.48 -2749.97 1 1 1
2D 0 65014 58548 4217.09 470.8 -2753.83 1 1 1
2D 0 64389 58548 4216.64 470.89 -2835.12 1 1 1
2E 1002 20705 64785 2675.66 295.54 -2633.46 1 1 1
2E 0 21334 0 2708.85 274.54 -2433.86 1 1 1
D 750 56170 135 426.01 604.92 -1011.94 3.7 0.9 0.4
20 63488 52554 62208 3177.69 4 -1516.91 3.7 0.9 0.4
22 28160 19530 44287 3253.99 0.9 -1613.68 3.7 0.9 0.4
22 3508 51483 10959 2989.77 1.27 -1473.21 0 0 0
20 0 52554 0 2926.4 0 -2012.88 3.7 0.9 0.4
22 60928 17226 52224 3027.57 -2.5 -2091.79 3.7 0.9 0.4
21 65280 17994 64256 3045.51 -1.8 -1973.59 3.7 0.9 0.4
37 65280 17994 64256 3034.86 139.2 -2010.04 3.7 0.9 0.4
37 65280 17994 64256 2988.31 52.2 -1910.55 3.7 0.9 0.4
37 65280 17994 64256 3091.44 52.2 -1988.03 3.7 0.9 0.4
37 65280 17994 64256 3060.68 52.2 -2103.38 3.7 0.9 0.4
2D 0 313 53124 3060.08 296.43 -2664.26 1 1 1
2D 65504 313 52964 3070.43 270.03 -2665.07 1 1 1
2D 64534 24042 751 2855.82 297.54 -2237.51 1 1 1
22 61440 19786 57600 3270.51 1.1 -1421.95 3.7 0.9 0.4
21 64246 64388 64540 2911.62 292.37 -2241.3 0 0 0
3F 5521 55201 65280 2744.2 356.74 -2663.68 35.09 22 13
34 1108 54433 65290 2734.95 342.8 -2667.68 35.09 22 13
34 1108 49569 1802 2718.52 348.9 -2726.42 35.09 22 13
48 62573 8431 64182 1164.62 515.63 -1177.02 0 0 0
3F 3844 7473 64490 2659.7 321.3 -2657.13 35.09 22 13
33 65028 56897 63722 2734.28 331.5 -2664.54 35.09 22 13
38 64647 27722 1103 2779.35 462 -2504.34 0.7 0.9 0.4
2A 1682 36929 1025 2727.92 328.28 -2811.96 35.09 22 13
2A 1682 36433 1025 2788.63 350.88 -2861.98 35.09 22 13
33 1682 49265 1025 2782.16 369.58 -2869.89 35.09 22 13
31 62145 27756 60376 -737.34 978.6 -2155.19 0 0 0
3E 64768 56129 3072 3698.97 140 -2621.57 35.09 22 0
33 87 54108 629 -853.15 907.31 -2312.5 0 0 0
21 61982 40010 1307 3047.84 8.46 -1480.08 3.7 0.9 0.4
3E 62120 28076 3849 -638.32 905.31 -2153.02 2 0 7
33 234 58362 680 -778.38 908.3 -2237.9 -0.3 0.9 13
2A 2538 45050 61864 -765 897 -2229.66 -0.3 0.9 13
2A 2538 14122 424 -629.55 902.7 -2131.92 -0.3 0.9 13
34 64557 24095 1462 367.67 574.43 -885.69 0 0 0
34 64557 61215 1462 432.91 565.43 -875.27 0 0 0
3F 1325 49951 2998 398.1 558.43 -927.95 0 0 0
3F 60717 32031 61878 393.66 542.63 -828.1 0 0 0
3F 60717 32031 61878 340.33 575.63 -937.79 0 0 0
15 0 39978 8 1169.37 550.9 -894.41 6.01 17.9 1
33 62573 29423 64182 498.52 541.33 -791.35 0 0 0
48 62573 25071 64182 1435.82 540.53 -1003.35 0 0 0
48 62573 13295 64182 1149.69 544.63 -986.34 0 0 0
33 1284 65 64746 2713.68 359.3 -2673.65 35.09 22 13
33 63492 4705 1002 2651.43 360.3 -2737.82 35.09 22 13
33 64772 16241 2794 2661.4 363.6 -2780.12 35.09 22 13
33 65028 56689 1770 2711.93 351.6 -2730.08 35.09 22 13
3F 65028 57969 2538 2716.18 343.8 -2717.53 35.09 22 13
20 336 53410 1792 2707.05 274.54 -2440.66 1 1 1
2A 0 45386 0 4060.7 496 -2915.66 3.7 0.9 0.4
22 60416 15473 55789 4273.28 404.7 -2823.36 35.09 22 13
22 7168 9841 55789 4436.48 254.4 -2757.26 35.09 22 13
2E 0 1565 64389 4518.62 225.77 -2770.11 1 1 1
20 2169 58481 65375 5154.33 9.46 -2638.68 35.09 22 13
22 9311 337 65429 5005.75 44.46 -2623.32 35.09 22 13
15 0 17092 0 6430.37 4.77 -2149.17 3 21 0
2C 473 65236 62571 5063.4 29.78 -2687.12 1 1 1
21 2482 12390 171 4901.45 91.64 -2637.57 35.09 22 13
22 55040 41984 5888 3724.08 493 -2867.84 1 1 1
3F 1536 64604 4608 3422.26 86 -2691.93 -0.3 4.6 13
20 3696 31743 64834 4812.58 170.16 -2981.89 1 1 1
2A 0 42588 0 3423.38 66.5 -2702.15 -0.3 4.6 13
3F 1451 38611 65110 4640.39 209.79 -2825.49 35.09 22 13
20 65031 31231 440 4677.79 203.98 -2909.23 1 1 1
20 2067 56063 65528 4159.41 490.89 -2758.15 1 1 1
2A 65374 16384 64019 2925.13 358.08 -2748.41 35.09 22 2
14 54528 51734 8704 3089.6 529.4 -1106.43 381 170 30
35 16 1535 16 6499.96 -9 -2264.22 0 1 -1
15 0 5572 0 6091.48 6.77 -2505.32 3 21 0
2B 1364 50938 63758 4831.04 149.56 -2874.63 1 1 1
49 64982 5376 64270 3281.53 3 -1611.57 35.09 22 0
3 0 15717 0 554.66 606.9 -762.67 0 0 0
27 0 6622 0 932.66 540 -877.96 0 0.3 0
27 0 6622 0 669.73 540 -860.68 0 0.3 0
33 64621 33263 64694 342.99 567.43 -938.75 0 0 0
1C 0 6622 0 883.5 501 -772.56 40 32.3 1
21 1656 64951 178 6111.41 -1.24 -2417.69 -0.3 4.6 13
20 2336 34743 1280 7046.06 0 -2284.59 -0.3 4.6 13
14 63799 30836 64383 -580 839.99 -2059.68 62 96 40
37 664 49335 799 5631.23 109.76 -2605.77 -0.3 4.6 13
2C 0 58461 0 3327.95 69.6 -2599.06 35.09 22 2
3 65451 16872 63419 4549.94 223.17 -2853.18 9 0 0
35 16 29695 16 6575.11 -17 -2059.27 5 1 -1
37 664 57527 799 7084.1 85.76 -2208.42 -0.3 4.6 13
26 0 16552 240 3929.48 542.01 -2888.68 3.15 -6.85 26.4
38 664 8375 799 6017.88 133.76 -2567.49 -0.3 4.6 13
35 16 41983 16 6594.35 -12 -2069.55 1 1 -1
15 0 8900 0 6239.27 5.47 -2198.87 3 21 0
14 0 62722 0 3377.01 106 -2802.18 65.09 42.15 2
20 62736 63825 63377 4943.92 83.56 -2702.41 35.09 22 13
4F 9 9278 65520 3966.89 210.01 -2618.26 504.69 36 224.1
22 54272 37303 3328 5978.46 -2.2 -2712.02 -0.3 4.6 13
37 664 24759 799 6856.56 67.76 -2263.21 -0.3 4.6 13
38 64507 20663 141 7020.12 153.47 -2367.81 -0.3 4.6 13
49 0 9399 0 7084.75 1 -2337.93 -0.3 4.6 13
2 34420 63255 14336 886.95 692.94 -713.11 60 2 0
2 3956 63754 57088 682.42 602.6 -743.91 60 3 0
17 0 44810 0 4994.75 60.32 -2691.9 -3.1 0 0
47 52911 50875 4904 774.39 682.28 -664.9 0 3 0
2 53045 22116 40160 777.66 682.06 -694.27 60 4 0
47 52911 50875 4904 873.57 690.28 -689.27 0 3 0
15 47882 17002 63128 -582.36 897.8 -2182.21 3 22.9 0
3 62976 37632 1264 3289.2 22.36 -1350.21 0 0 0
3 0 37632 0 3249.46 4.53 -1437.35 0 0 0
2A 709 9344 80 325.51 558.13 -942.07 0 0 0
34 64628 60326 57856 502.98 626.5 -784.16 0 0 10
34 3188 52390 62976 466.24 682.53 -890.09 0 0 10
34 64628 19366 3072 435.67 669.53 -840.7 0 0 10
34 64628 15526 1536 441.28 704.53 -958.73 0 0 10
2C 757 6605 61827 4778.77 169.65 -2919.15 1 1 1
2C 0 0 63659 3276.36 11.7 -2691.83 1 1 1
28 0 5314 0 3164.12 3.75 -1624.81 6.59 40 13
3 331 19025 64576 1273.47 657.58 -857.45 14 0 0
3E 1425 13889 63744 2666.09 331.12 -2666.97 35.09 22 0
3 16 16947 632 3415.58 6.7 -2613 9 0 0
3 0 17091 120 3327.53 8.44 -2631.78 9 0 0
15 0 17092 0 6431.62 4.87 -2137.24 3 21 0
35 0 65361 0 5153.03 -15.9 -2743.78 1 2 120
1D 0 30543 240 3333.82 74.59999 -2707.87 -3.95 0.25 26.4
21 0 28335 768 3402 70.01 -2753.68 1 0 0
20 757 2743 605 5844.92 -0.26 -2554 -0.3 4.6 13
38 664 20663 799 6337.15 55.76 -2280.71 -0.3 4.6 13
2D 0 64910 60738 4195.18 482.06 -2755.35 1 1 1
35 0 34385 0 5223.68 -15.9 -2566.97 1 2 -1
2D 0 65014 63450 2979.68 383.28 -2624.09 1 1 1
24 1043 24135 19 3857.76 575.77 -2898.43 3.4 0 0
2D 0 65223 53020 3070.71 269.84 -2618.84 1 1 1
2 0 11516 0 3626.6 2.03 -2571.64 3.15 1.35 26.4
2 1565 55046 3348 3918.32 303.33 -2740.22 3.15 1.35 26.4
20 0 39896 0 3864.38 586 -2907.75 3.15 -6.85 26.4
3F 64256 55665 3584 3882.32 439.8 -2688.84 35.09 22 0
15 266 35354 63640 445.25 713.9 -1114.55 5 15.9 0
15 1034 36378 63128 287.27 620.9 -1516.28 5 15.9 0
15 266 36122 63640 393.75 704.9 -1353.03 5 15.9 0
15 266 33818 63640 354.3 571.9 -1030.91 5 15.9 0
2D 0 0 53020 3081.3 243.13 -2666.06 1 1 1
14 63970 18624 64319 -981.38 921.22 -2365.53 24.2 20 0
24 65526 19844 284 2902.54 272.45 -2236.2 0 0 0
24 64060 19844 63472 2860.15 277.23 -2218.31 0 0 0
33 340 61249 10 2748.6 313.6 -2656.38 35.09 22 13
15 683 49476 61371 4997.81 59.8 -2656.1 3 21 0
12 0 48477 20480 3845.42 585.01 -2897.73 5 0 0
3E 0 47937 1792 3459.08 70 -2577.08 35.09 22 0
2B 0 28157 0 3397.87 69.6 -2552.65 35.09 22 2
3E 59136 35137 832 3437.79 69.1 -2542.86 35.09 22 10
2B 0 61533 0 3361.51 69.8 -2783.02 35.09 22 2
2B 0 63853 0 3319.24 69.7 -2790.91 35.09 22 2
2C 0 58461 0 3399.76 69.6 -2766.27 35.09 22 2
20 1792 818 0 3283.62 69 -2755.02 3.15 -6.85 26.4
2D 0 182 60321 3004.12 377.85 -2661.21 1 1 1
15 0 49481 17152 3623.12 70 -2572.48 3 19 0
15 65024 12790 52224 3854.49 497.26 -2740.53 3 19 0
14 0 58472 0 3583.49 -2 -2796.12 61 30 0
14 0 56152 0 3680.49 0 -2702.78 81 30 0
15 0 55478 8192 3772.97 178 -2602.68 4.01 23 0
14 0 13088 0 2646.78 352.19 -2872.04 21 20 0
17 0 53963 0 3275.66 0.99 -2697.37 0 0 0
1B 0 6622 0 777.14 499 -810.82 0 40.3 0
20 2048 29166 1792 1169.32 544 -895.05 2 0.3 7
2B 0 58527 0 2932.87 334 -2868.17 35.09 22 2
2B 0 59375 0 2898.53 334 -2891.75 35.09 22 2
2A 0 39630 0 1186.76 543 -986.53 0 0 0
34 64575 29761 719 2856.39 358.86 -2800.56 35.09 22 6
27 0 6622 0 752.93 540 -889.43 0 0.3 0
22 64984 16998 53181 4887.1 131.87 -2843.12 35.09 22 13
17 0 44810 0 4861.61 156.32 -2942.2 -1.1 0 0
20 210 48384 62153 2894.09 334.15 -2883.86 35.09 22 2
2C 65506 25451 65497 2963.26 334.03 -2843.82 35.09 22 2
15 0 16287 64032 2954.42 359.53 -2779.11 6 12 1
24 225 14747 64629 2661.6 313.89 -2828.3 0 0 0
34 3432 50012 64642 -944.94 968.93 -2516.09 0 0 0
34 3432 50012 61826 -954.52 1020.13 -2606.49 0 0 0
34 3432 16988 130 -996.85 976.12 -2527.05 0 0 0
33 599 52060 1141 -889.45 918.31 -2385.99 0 0 0
3E 63656 35026 63753 -614.35 901.18 -2147.82 0 0 0
20 63184 39890 65376 -614.68 900.64 -2144.61 0 0 6
3E 63746 32466 59931 -607.56 900 -2150.03 0 0 0
20 0 32943 65280 3461.53 70.01 -2576.03 1 0 0
22 7424 53554 9984 3321.29 67 -2606.48 3.15 -6.85 26.4
22 0 49458 10240 3062.27 -3 -2576.87 3.15 -6.85 26.4
14 65461 62618 61887 2446.53 46.48 -1163.9 76 127 1
20 1536 62770 0 3705.42 139 -2536.82 2.15 -5.85 26.4
3E 62031 22444 61187 -1007.73 1100.01 -2817.01 2 0 7
3E 59753 12093 62067 -973.73 905.28 -2438.1 2 0 7
23 1342 25434 269 -736.27 960.69 -2148.78 0 0 0
23 61921 6109 63704 -968.92 980.98 -2401.78 0 0 0
24 0 14814 0 1079.52 630 -782.85 0 0.3 0
20 64768 43486 2048 1065.1 648 -772.33 0 0.3 0
12 0 42207 0 3430.15 69.01 -2571.32 1 0 0
2D 218 53998 785 1081.08 541.93 -831.01 2 0.3 7
21 65479 55774 2101 1073.01 647.55 -710.54 0 0.3 0
34 2247 38398 53 1292.78 695.55 -833.47 0 0.3 0
34 2247 62974 1077 1408.01 667.55 -920.64 0 0.3 0
34 455 510 2357 1088.01 686.55 -778.86 0 0.3 0
3E 62628 2814 3776 1105.63 649.41 -731.9 2 0.3 7
3F 56706 28926 4966 1394.02 660.7 -861.32 2 0.3 7
3E 64898 55294 5222 1228.46 660.7 -791.05 2 0.3 7
3E 2127 1278 4342 1082.67 648.89 -774.15 2 0.3 7
3E 3407 3582 62966 1412.06 626.89 -919.28 2 0.3 7
3F 4570 2214 2833 1148.02 566.5 -1216.4 1 0 0
3E 4864 2542 256 1093.29 544.3 -974.3 2 0.3 7
3F 6400 45550 0 1179.76 563 -995.24 2 0.3 7
2E 0 53230 0 1068.27 540 -918.49 2 0.3 7
17 0 44810 0 4963.95 76.32 -2698.62 -3.1 0 0
21 64256 38094 62208 1098.56 545 -1113.95 0 0 0
2 11573 3381 60128 832.99 613.2 -890.45 60 4 0
33 62692 32896 64932 442.02 666.86 -970.77 0 0 0
3E 59525 37030 3946 646.79 604.32 -730.18 0 0 10
34 65396 61606 61184 631.26 621.5 -778.31 0 0 10
3F 61428 38016 10660 469.81 730.86 -993.27 0 0 0
3E 56293 37606 60184 445.42 693.22 -975.37 0 0 10
33 1012 35712 1188 469.21 722.86 -998.26 0 0 0
3E 62229 37030 60184 349.35 555.02 -931.63 0 0 10
34 65396 20646 3072 465.81 635.3 -761.58 0 0 10
3E 65398 50086 477 666.78 601.49 -768.54 1 0 0
3E 65398 62886 1245 666.78 603.59 -768.54 1 0 0
1 0 0 0 0 0 0 0 0 0
20 1792 53230 61184 1102.43 544 -1014.65 2 0.3 7
2E 218 53998 785 1094.04 541.93 -805.31 2 0.3 7
14 0 4709 0 1098.52 736.61 -1228.57 63 66 20
2D 0 53998 0 1055.78 540 -944.4 2 0.3 7
3E 65398 40614 64477 665.8 603.59 -766.8 1 0 1
3F 64512 56226 4096 1356.13 574.5 -1208.67 0 0 0
3E 218 46246 1297 1081.48 543.5 -836.61 1 0 1
3E 218 48294 65041 1185.45 545.3 -953.95 1 0 0
3E 218 57254 1297 1187.15 543.5 -953.95 1 0 1
3E 218 54438 1297 1186.15 543.5 -953.95 1 0 0
2A 0 56038 0 1188.11 537 -1125.99 1 0 0
3E 62287 55790 2806 1339.96 543.98 -1193.03 2 0.3 7
33 64218 50598 2065 1190.97 553.5 -1127.47 1 0 0
3E 64256 41126 3072 1179.01 545 -1141.07 1 0 0
2A 0 55462 0 1142.34 545 -1223.65 1 0 0
3F 61914 44710 2833 1191.98 558.4 -1139.83 1 0 0
3E 762 52134 2065 1301.92 544.63 -1222.98 1 0 1
2A 0 33698 0 1299 541 -1137.79 0 0 0
20 0 46798 62208 1100.65 544.8 -1164.93 0 0 0
D 5139 24135 19 1279.87 544.77 -1105.75 3.4 0 0
15 4995 0 0 -984.98 1079.83 -2736.47 5 15 0
15 63844 7841 10 2783.69 282.2 -2382.16 3.39 16 0
3E 3151 56814 3574 1191.66 544.89 -1102.12 2 0.3 7
3F 61982 48714 64795 3028.89 4.46 -1463.13 3.7 0.9 0.4
20 2048 32162 1328 1357.82 545 -1173.63 0 0 0
2A 0 9890 0 1417.74 545 -934.5 0 0 0
47 0 59554 0 1357.61 545 -1207.97 0 0 0
2A 0 38562 0 1561.24 545 -1022.85 0 0 0
4F 9 9278 65520 3811.44 210.01 -2899.11 504.69 36 224.1
3E 64218 42918 1553 1199.65 544.5 -1149.22 1 0 0
3E 762 58534 2577 1301.6 544.63 -1223.36 1 0 0
20 3072 5282 0 1303.71 545 -1224.32 0 0 0
20 2048 16878 1792 1125.44 544 -851.86 2 0.3 7
3E 64218 42918 1553 1290.93 544.5 -1155.11 1 0 0
21 512 9378 61216 1304.34 543.9 -1116.65 0 0 0
3E 62287 6382 6902 1448.83 544.68 -1066.46 2 0.3 7
3E 64218 42918 1553 1355.99 544.5 -1173.94 1 0 0
20 64000 55202 61952 1418.99 545 -912 0 0 0
3E 63996 40686 1338 1530.03 545.16 -901.78 2 0.3 5
3E 64218 51622 2321 1413.19 544.5 -1103.96 1 0 0
3E 60160 6382 62960 1417.9 544.3 -956.56 2 0.3 7
3E 58880 3566 65008 1543.18 545.6 -899.87 2 0.3 7
3F 62208 30114 2048 1299.34 561 -1148.83 0 0 0
3F 65024 11938 5376 1569.44 566.5 -1010.19 0 0 0
13 65526 17033 65246 1574.66 545.61 -959.93 0 0 0
20 60672 60066 64768 1530.12 545 -897.81 0 0 0
21 3328 4770 65024 1517.48 544.5 -1020.67 0 0 0
14 3035 25821 65286 479.03 633.36 -742.04 0 0 0
15 14896 16287 53776 3065.4 300 -2640.51 3.09 19 0
14 3035 30173 65286 511.33 633.36 -731.9 0 0 0
37 64647 44106 1103 3122.35 84 -1657.29 0.7 0.9 0.4
37 64647 44106 1103 3223.01 84 -1694.96 0.7 0.9 0.4
37 64647 27722 1103 3339.04 96 -1526.24 0.7 0.9 0.4
37 64647 27722 1103 3333.46 96 -1774.13 0.7 0.9 0.4
37 64647 27722 1103 2875.18 450 -2159.94 0.7 0.9 0.4
38 64647 27722 1103 2875.18 498 -2159.94 0.7 0.9 0.4
38 64647 27722 1103 2877.27 498 -2279.92 0.7 0.9 0.4
38 64647 27722 1103 2688.2 462 -2463.51 0.7 0.9 0.4
3E 1777 9537 63744 2666.09 331.12 -2666.97 35.09 22 1
3F 5892 64833 2538 2747.86 320.1 -2645.79 35.09 22 13
3F 65470 1792 65512 2896.26 333.01 -2880.69 35.09 22 2
3E 3251 61505 1824 2717.69 342.43 -2681.88 35.09 22 0
3E 64550 13377 58122 2647.75 344.08 -2716.29 35.09 22 6
24 429 47483 554 2675.22 311.47 -2848.15 0 0 0
3E 2705 58945 65280 2728.89 332.12 -2666.1 35.09 22 0
2B 64915 48848 64567 2985.37 350.52 -2800.41 35.09 22 2
4F 9 9278 65520 3889.91 210.01 -2757.38 504.69 36 224.1
3F 64004 46449 5354 2780.03 375.8 -2853.23 35.09 22 13
2D 64541 13504 42 2657.26 333.04 -2816.6 35.09 22 2
20 64021 951 63837 6117.6 -0.26 -2607.89 -0.3 4.6 13
3F 64772 60017 4074 2716.09 345.8 -2811.84 35.09 22 13
2D 64575 2240 1197 2717.64 342.01 -2885 35.09 22 2
2E 429 7856 554 2686.32 331.33 -2863.48 35.09 22 2
34 62783 1089 975 2821.8 359.26 -2836.97 35.09 22 6
34 63 29761 975 2770.43 371.76 -2798.16 35.09 22 6
24 0 8714 64768 2992.28 363.1 -2676.61 1 1 1
3E 2418 53057 6291 2712.99 322.16 -2769.56 35.09 22 6
22 2048 19200 53504 3002.09 379.31 -2678.05 35.09 22 2
20 64875 13568 64541 3003.36 381.76 -2699.62 35.09 22 2
33 64260 22016 1149 2925.01 344.17 -2811.8 35.09 22 2
20 635 19200 61981 2904.22 381.76 -2699.12 35.09 22 2
2A 0 32768 0 2978.37 334.13 -2820.82 35.09 22 2
3E 59392 33841 65248 2930.91 333.8 -2872.94 35.09 22 0
20 61897 3327 65015 4641.38 209.99 -2821.61 1 1 1
14 65280 21012 0 2834.86 161 -2148.33 42 125.2 70
2B 65461 410 61887 1626.8 538.48 -1007.86 1 1 1
3E 59108 52033 61654 2930.13 334.15 -2808.73 35.09 22 6
3E 62464 52033 1792 2999.81 384 -2702.85 35.09 22 0
37 65280 17994 64256 6019.45 109.2 -2536.06 3.7 0.9 0.4
37 65280 17994 64256 5861.99 99.2 -2564.68 3.7 0.9 0.4
37 65280 17994 64256 6843.03 99.2 -2053.98 3.7 0.9 0.4
37 65280 17994 64256 6741.72 99.2 -2180.88 3.7 0.9 0.4
37 65280 17994 64256 6262.16 99.2 -2058.81 3.7 0.9 0.4
20 768 60017 65024 4088.05 495.7 -2908.12 35.09 22 13
2C 0 65119 0 4021.57 495.85 -2930.39 1 1 1
3F 64256 56945 2304 4053.38 494.2 -2902.15 35.09 22 13
3E 1792 61041 4864 4035.64 495.3 -2924.41 35.09 22 13
3E 62720 36721 65280 3995.3 495.8 -2829.64 35.09 22 0
3E 2304 3441 2816 3702.53 507.7 -2823.44 35.09 22 0
1A 0 42595 0 3391.08 67.01 -2605.76 0 0 8
2A 0 56945 0 3691.1 140 -2655.79 35.09 22 0
2B 65170 65527 60619 -605.63 899.77 -2145.08 1 1 1
2B 1457 51734 65385 315.9 591.93 -1362.34 1 1 1
2B 65036 55062 346 2944.84 0.68 -1535.9 1 1 1
2C 486 53014 918 2993.3 4.15 -1466.61 1 1 1
47 0 32256 32768 2978.37 334.13 -2820.82 35.09 22 2
2C 63355 49088 64921 2984.93 353.39 -2759.62 35.09 22 2
3E 94 23361 62739 2929.53 357.93 -2768.87 35.09 22 0
3F 64772 24320 63101 2994.59 382.17 -2733.66 35.09 22 2
2B 713 3123 63575 4628.84 216.53 -2880.08 1 1 1
2B 139 2595 63174 4651.67 207.47 -2824.46 1 1 1
2B 0 29277 0 3437.26 69.8 -2538.26 35.09 22 2
24 757 14675 63107 4764.77 153.31 -2923.45 1 1 1
2B 401 6451 61840 4718.14 189.69 -2865.27 1 1 1
24 605 31795 63150 4727.36 165.73 -2883.99 1 1 1
2B 337 7971 62379 4689.29 198.55 -2836.19 1 1 1
3E 64661 37120 63526 4795.16 165.59 -2927.14 35.09 22 0
3E 64661 43008 63526 4794.96 163.59 -2926.46 38.09 22 1
20 2592 34231 0 7018.55 -1 -2139.89 -0.3 4.6 13
22 55296 41143 7168 6803.59 -2.2 -2261.84 -0.3 4.6 13
4A 0 695 0 7064.75 1 -2147.03 -0.3 4.6 13
49 99 61623 65131 7119.72 0.91 -2191.74 -0.3 4.6 13
49 0 61111 0 7075.43 1 -2151.63 -0.3 4.6 13
49 0 58551 0 7070.62 1 -2132.62 -0.3 4.6 13
4A 0 695 0 7073.91 1 -2337.81 -0.3 4.6 13
4A 0 695 0 7116.17 0.9 -2201.66 -0.3 4.6 13
49 99 63415 65131 7124.51 0.9 -2210.27 -0.3 4.6 13
49 0 12215 0 7069.66 1 -2353.29 -0.3 4.6 13
20 64256 695 0 7027.9 0 -2359.79 -0.3 4.6 13
26 0 17368 240 3879.26 542.01 -2885.14 3.15 -6.85 26.4
22 11776 951 0 5612.35 -2.2 -2604.17 -0.3 4.6 13
21 65144 695 178 6844.31 -0.24 -2179.85 -0.3 4.6 13
20 64501 951 93 5714.9 1.54 -2710.92 -0.3 4.6 13
3E 64405 15616 806 4811.54 159.78 -2919.24 35.09 22 12
3E 3661 2560 64312 5075.95 25.54 -2685.58 35.09 22 12
3E 2125 65024 56 5093.3 20.68 -2682.99 35.09 22 0
49 0 42272 0 3080.96 0 -2558.57 35.09 22 0
4A 0 65024 0 3172.52 0 -2568.61 35.09 22 0
4A 0 65024 0 3094.8 -0.1 -2558.31 35.09 22 0
49 0 44288 0 3099.38 0 -2548.14 35.09 22 0
49 0 52736 0 3182.38 0 -2568.92 35.09 22 0
49 0 51968 0 3164.71 0 -2562.34 35.09 22 0
3E 3546 14502 273 2997.33 3.8 -1463.01 1 0 0
2D 64524 21120 735 2799.92 282.79 -2329.21 1 1 1
17 0 44810 0 4900.42 123.32 -2781.71 -2.1 0 0
4A 0 24832 0 3274.71 3.9 -1594.37 35.09 22 0
49 64536 27136 1000 3120.99 3.3 -1549.95 35.09 22 0
15 0 113 10 2691.32 337.29 -2823.63 4 11 1
15 0 16241 64266 2801.13 355.29 -2816.83 3 15 0
17 0 8362 0 1201.99 727.98 -1125.17 8 27 0
35 0 65361 0 5265.82 -15.9 -2818.75 1 2 120
2 464 65528 21760 3477.17 135.99 -2622.24 64.1 0.4 110
3 0 38636 0 2982.1 -0.01 -2059.87 14.69 104 14.1
15 64266 12394 63128 -787.55 930.8 -2202.72 3 22.9 0
15 62795 19473 63808 1312.93 656.03 -868.16 3 23 0
15 0 58629 0 2936.38 -6.01 -1192.83 6 20 1
13 0 30739 0 2958.79 384 -2715.24 0 0 0
2D 0 58239 0 2931.17 382.3 -2640.75 35.09 22 2
2 464 65528 21760 3476.65 135.99 -2656.23 64.1 0.4 110
35 16 62463 16 6407.17 -12 -2258.75 1 1 1
35 16 62463 16 6546.64 -12 -2269.98 1 1 -1
15 0 8900 0 6244.32 4.77 -2207.9 3 21 0
12 22000 15587 50432 3654.69 189.01 -2655.63 3 0 0
17 65024 52642 5376 1475.85 696.5 -1047.06 10 27 0
14 0 49253 0 1215.41 730.61 -953.84 63 66 20
17 65024 52642 5376 1475.85 578.5 -1047.06 10 27 0
17 0 44810 0 4888.76 137.32 -2865.67 -1.1 0 0
14 0 20837 0 1062.27 730.61 -1138.5 63 66 20
15 3584 20506 62984 2771.61 93.7 -1030.02 3.9 20.9 0
17 0 44810 0 4894.89 131.32 -2820.13 -2.1 0 0
14 0 58261 0 1441.73 724.61 -1127.72 93 66 20
14 0 33475 0 2678.45 229.18 -985.11 140 80 10
14 54528 36374 8704 2778.54 216.4 -1032.98 141 70 10
14 0 49253 0 1202.43 730.61 -1048.73 63 66 20
14 0 37456 0 1128.25 786.98 -819.08 38 66 20
17 0 44810 0 4753.58 177.32 -2888.34 -1.1 0 0
17 0 44810 0 5102.04 21.32 -2681.76 -3.1 0 0
14 0 58981 0 419.43 906.61 -1231.06 62 77 50
17 65024 52642 5376 1475.85 639.5 -1047.06 10 27 0
18 0 37130 0 2881.38 393 -2888.37 15.7 11.9 10.4
14 0 57701 0 1347.13 724.61 -1217.12 63 66 20
3 56064 26830 9216 3047.27 37.52 -1168.72 0 0 0
3 54528 30926 12288 3053.96 58.52 -1161.86 0 0 0
14 0 36291 0 2859.65 199.18 -1032.74 140 80 10
D 0 30543 240 3355.25 69.7 -2746.1 2.15 -6.85 26.4
4F 9 9278 65520 3889.91 251.01 -2757.38 72.69 36 94.1
14 54528 38422 8704 3391.25 53.4 -1321.61 30 71 10
23 63240 17071 62668 217.38 654.35 -1317.55 0 0 0
46 65534 56965 0 310.27 886.8 -1466.35 -0.72 0 -0.44
14 0 50517 0 496.63 903.61 -1117.75 72 126 20
26 0 30237 0 1147.68 591.02 -1016.36 -0.3 2 13
14 54528 38422 8704 3391.25 53.4 -1321.61 30 71 10
14 54528 38422 8704 3391.25 53.4 -1321.61 30 71 10
1 0 0 0 0 0 0 0 0 0
19 65526 17013 65367 1098.4 612.02 -1136.16 40 80 -5
18 2801 16638 12 -943.73 1142.16 -2882.31 32 43 0
48 62145 58732 60376 -770.2 931.6 -2197.84 0 0 0
27 0 6622 0 970.61 540 -781.27 0 0.3 0
2D 0 16384 0 3701.24 140 -2595.26 35.09 22 0
2D 0 15360 0 3701.46 140 -2623.9 35.09 22 0
3E 59136 37953 832 3705.16 139.7 -2540.67 35.09 22 10
27 0 6622 0 842.12 540 -837.97 0 0.3 0
15 47872 55603 55552 2912.58 192.01 -2198.66 5 18.2 0
20 650 40010 2176 2997 4.46 -1515.08 3.7 0.9 0.4
19 0 17203 0 3024.28 19.6 -1373.15 25.7 30.9 0.4
3E 61184 27298 256 1415.37 565.5 -948.27 0 24 0
3F 65024 52642 5376 1463.18 567.5 -1040.31 0 0 0
2A 0 38562 0 1465.47 545 -1050.89 0 0 0
17 65024 52642 5376 1404.33 628.5 -952.97 10 20 0
14 0 42064 0 1211.27 810.98 -848.92 38 66 20
1F 1034 56170 63128 713.28 540.49 -817.9 -0.3 0.9 13
17 65024 52642 5376 1567.36 625.5 -1018.65 10 27 0
14 0 37023 0 5151.68 16.64 -2597.21 19.9 40 0
14 0 34149 0 391.61 909.61 -950.37 72 126 20
17 65024 52642 5376 1567.36 562.5 -1018.65 10 27 0
17 0 44810 0 5064.77 29.32 -2690.33 -3.1 0 0
17 65024 52642 5376 1087.93 673.5 -998.18 8 27 0
17 65024 52642 5376 1087.93 613.5 -998.18 8 27 0
17 65024 52642 5376 1087.93 553.5 -998.18 8 27 0
16 0 16011 0 855.36 518 -934.46 4 0 0
17 0 8362 0 1118.97 736.98 -1212.56 8 27 0
2B 1342 50105 63599 4836.55 143.23 -2834.77 24 1 1
17 0 44810 0 4905.77 111.32 -2742.02 -1.1 0 0
17 0 44810 0 4928.02 97.32 -2711.68 -1.1 0 0
17 0 44810 0 4841.69 129.32 -2752.57 -3.1 0 0
17 0 44810 0 4850.8 123.32 -2714.39 -3.1 0 0
17 0 44810 0 4862.96 114.32 -2678.18 -3.1 0 0
2B 1714 59759 61867 4885.82 100.16 -2649.74 33 1 1
17 0 44810 0 4885.61 103.32 -2647.34 -2.1 0 0
17 0 44810 0 4952.95 73.32 -2619.37 -3.1 0 0
17 0 44810 0 4989.2 55.32 -2619.4 -3.1 0 0
17 0 44810 0 5025.11 38.32 -2624.43 -3.1 0 0
17 0 44810 0 5063.95 27.32 -2628.77 -3.1 0 0
17 0 44810 0 5100.84 19.32 -2634.01 -3.1 0 0
14 0 39781 0 453.97 942.61 -989.36 72 126 20
14 0 64149 0 1560.73 724.61 -1054.06 63 66 20
17 65024 52642 5376 1090.56 691.5 -999.64 10 27 0
3E 64218 42150 785 1530.38 544.5 -902.11 1 0 0
14 63799 23396 64383 -851.34 964.99 -2159.85 42 43 30
14 63799 30564 64383 -728.01 1040.99 -2136.02 42 43 30
18 2801 16638 12 -1024.93 1142.16 -2872.9 32 43 0
14 63799 55396 64383 -847.86 1030.99 -2314.16 42 43 30
4A 0 24832 0 3126.42 4 -1558.29 35.09 22 0
49 64836 25856 500 3130.01 3.4 -1567.93 35.09 22 0
31 63937 24412 64728 -852.21 985.6 -2227.51 0 0 0
14 63799 31332 64383 -594.7 901.99 -2107.84 42 43 30
14 63799 24676 64383 -784.26 970.99 -2072.62 42 43 30
3F 63664 51034 1358 -851.3 915.79 -2298.04 0 0 0
49 65534 5376 64154 3286.64 2.83 -1591.95 35.09 22 0
14 63799 21604 64383 -940.93 1049.99 -2370.62 42 43 30
17 65024 52642 5376 1404.33 737.5 -952.97 10 20 0
17 0 44810 0 5031.75 46.32 -2692.74 -3.1 0 0
1 0 0 0 0 0 0 0 0 0
1 0 0 0 0 0 0 0 0 0
17 0 44810 0 4814.79 160.32 -2910.08 -1.1 0 0
14 650 15178 2176 2529.4 1.46 -1075.96 25.7 30.9 0.4
14 0 62367 0 5162.27 16.64 -2730.79 19.9 40 0
19 65526 64885 65367 1230.99 612.02 -1239.42 40 80 -5
19 65526 3189 65367 1135.15 612.02 -802.9 40 80 -5
19 65526 12149 65367 1203.89 612.02 -865.58 40 80 -5
19 65526 20341 65367 1201.69 612.02 -952.49 40 80 -5
19 65526 16245 65367 1181.07 612.02 -1038.26 40 80 -5
19 65526 13173 65367 1185.93 612.02 -1106.3 40 80 -5
19 65526 61813 65367 1241.1 612.02 -1118.81 40 80 -5
19 65526 61813 65367 1299.79 612.02 -1082.82 40 80 -5
19 65526 53109 65367 1358.41 612.02 -1037.67 40 80 -5
19 65526 54133 65367 1381.29 612.02 -986.61 40 80 -5
19 65526 57205 65367 1462.91 612.02 -1062.35 40 80 -5
19 65526 56949 65367 1393.34 612.02 -1135.46 40 80 -5
19 65526 52597 65367 1354.54 612.02 -1207.81 40 80 -5
17 0 8362 0 1118.97 604.98 -1212.56 8 27 0
19 65526 117 65367 1213.6 612.02 -1241.64 40 80 -5
19 65526 4725 65367 1110.62 612.02 -1212.08 40 80 -5
14 63799 24676 64383 233.65 656.99 -1326 62 96 40
14 63799 29556 64383 111.89 656.99 -1411.38 62 96 40
14 63799 30836 64383 -24.62 656.99 -1458.18 62 96 40
1D 0 19882 240 1460.75 549.7998 -952.46 0.6 0 26
14 63799 5572 64383 -928.6 1111.99 -2423.92 42 93 30
14 63799 24676 64383 -840.65 1030.99 -2215.31 42 43 30
14 63799 29796 64383 -757.07 1030.99 -2166.45 42 43 30
14 63799 30308 64383 -660.39 1030.99 -2139.11 42 43 30
14 63799 1124 64383 -548.2 1114.99 -2236.05 42 43 30
14 63799 63844 64383 -477.61 1090.99 -2251.08 42 43 30
14 63799 63844 64383 -477.61 1030.99 -2251.08 42 43 30
14 63799 1124 64383 -548.2 1030.99 -2236.05 42 43 30
14 63799 1124 64383 -616.42 1105.99 -2211.09 42 93 30
14 63799 63844 64383 -718.58 1105.99 -2215.56 42 93 30
14 63799 57796 64383 -802.51 1105.99 -2253.42 42 93 30
14 63799 54724 64383 -872.94 1105.99 -2352.55 42 93 30
14 63799 22372 64383 -899.16 1030.99 -2290.27 42 43 30
4B 318 52959 62521 4879.84 124.1 -2732.12 4.99 2 21
14 0 64149 0 1623.48 619.61 -1042.77 63 66 20
17 65024 52642 5376 1404.33 686.5 -952.97 10 20 0
18 65024 31906 5376 1502.26 562.5 -1033.53 10 20 0
18 65024 31906 5376 1502.26 619.5 -1033.53 10 20 0
18 65024 31906 5376 1502.26 678.5 -1033.53 10 20 0
18 0 17860 0 1201.28 571.06 -941.92 10 20 0
18 0 17860 0 1201.28 628.06 -941.92 10 20 0
18 0 17860 0 1201.28 684.06 -941.92 10 20 0
18 0 7565 0 1120.36 544.99 -1218.05 10 20 4
17 0 8362 0 1118.97 670.98 -1212.56 8 27 0
14 0 29811 0 2674.75 454.53 -2788.04 30 31 10
52 0 32101 0 260.72 796.4 -1732.51 0 0 0
18 0 37130 0 2881.38 436 -2888.37 15.7 11.9 10.4
18 0 37130 0 2881.38 349 -2888.37 15.7 11.9 10.4
17 65024 52642 5376 1567.36 694.5 -1018.65 10 27 0
19 65526 2933 65367 1180.02 612.02 -1242.2 40 80 -5
14 54528 38950 8704 2972.68 230.4 -1125.13 134.1 90 10
14 0 33475 0 2622.75 286.18 -1029.83 140 80 10
14 54528 32534 8704 2569.15 279.4 -1001.94 91 60 10
14 0 357 0 1235.07 736.61 -1260.16 63 66 20
14 0 9317 0 1049.11 730.61 -1025.49 63 66 20
19 65526 61813 65367 1326.34 612.02 -1216.45 40 80 -5
14 54528 51238 8704 3076.67 230.4 -1301.84 134.1 70 10
14 0 40387 0 3012.42 220.18 -1101 140 80 10
17 0 44810 0 4783.75 168.32 -2915.22 -1.1 0 0
17 0 44810 0 4828.02 148.32 -2873.42 -1.1 0 0
12 48864 33308 65264 3685.76 230.11 -2483.84 4 0 0
17 0 44810 0 4722.73 191.32 -2862.08 -1.1 0 0
17 0 44810 0 4691.62 200.32 -2835.35 -1.1 0 0
2B 1403 8156 61822 4665.2 209.96 -2893.86 1 1 1
17 0 44810 0 4587.12 221.32 -2878.64 -1.1 0 0
17 0 44810 0 4716.63 193.32 -2960.01 -1.1 0 0
17 0 44810 0 4747.8 186.32 -2982.85 -1.1 0 0
17 0 44810 0 4792.7 176.32 -2985.91 -1.1 0 0
17 0 44810 0 4831.89 165.32 -2968 -1.1 0 0
17 0 44810 0 4693.06 202.32 -2925.47 -1.1 0 0
14 54528 34070 8704 1738.13 774.4 -917.68 291 170 30
14 54528 34326 8704 1886.25 774.4 -961.56 291 170 30
14 54528 35350 8704 1819.84 604.4 -966.01 81 70 30
14 54528 35350 8704 1918.29 559.4 -995.29 81 70 30
14 54528 35350 8704 2002.15 474.4 -1002.76 81 70 30
14 54528 35350 8704 2135.29 434.4 -1030.92 81 70 30
14 54528 35350 8704 2277.64 399.4 -1064.33 81 70 30
14 54528 32278 8704 2298.75 374.4 -1041.79 81 70 30
14 54528 32278 8704 2563.22 529.4 -1002.79 381 170 30
14 54528 38678 8704 2839.68 529.4 -1111.12 381 170 30
3 0 15923 120 3326.42 8.44 -2655.75 9 0 0
3 16 15923 632 3417.91 6.7 -2658.36 9 0 0
3 16 15923 632 3416.56 6.7 -2635.98 9 0 0
51 0 15031 0 6968.11 0.48 -2253.34 2 4.6 13
17 0 16011 0 857.1 507 -934 2 0 0
17 0 8362 0 1118.97 559.98 -1212.56 8 27 0
17 0 8362 0 1201.99 559.98 -1125.17 8 27 0
17 0 8362 0 1201.99 616.98 -1125.17 8 27 0
17 0 8362 0 1201.99 668.98 -1125.17 8 27 0
3 331 19025 64576 1066.74 649.69 -749.67 14 0 0
18 1681 46692 0 2735.05 303.74 -2655.26 0 0 0
18 1681 46692 0 2733.01 319.74 -2669.3 0 0 0
18 1681 46692 0 2720.65 331.74 -2686.34 0 0 0
18 1681 42596 0 2656.62 331.74 -2683.48 0 0 0
18 1681 34916 0 2674.16 309.74 -2666.08 0 0 0
18 1681 37988 0 2707.67 331.74 -2699.62 0 0 0
18 1681 37988 0 2640.42 332.74 -2718.45 0 0 0
18 1681 29284 0 2730.74 341.74 -2827.1 0 0 0
18 1681 26468 0 2924.65 342.74 -2800.88 0 0 0
18 1681 21348 0 2968.49 341.74 -2807.38 0 0 0
18 1681 8292 0 2923.17 353.74 -2759.64 0 0 0
18 1681 8292 0 2934.25 371.74 -2737.6 0 0 0
18 1681 4196 0 2902.06 382.74 -2697.16 -8 0 0
24 1043 24135 19 3491.41 198.57 -2499.94 3.4 0 0
3E 4431 494 502 1114.39 544.29 -1200.96 2 0.3 7
22 63735 14767 50855 262.64 649.61 -1292.2 0 0 0
24 1043 24135 19 3469.8 199.57 -2509.49 3.4 0 0
3E 64000 35310 60416 1116.21 544 -1108.81 2 0.3 7
1D 852 60481 64938 2728.5 299.4 -2603.15 35.09 22 18.3
20 165 14511 2459 387.42 580.25 -1164.84 0 0 0
12 54496 46031 44544 3486.68 204.01 -2515.71 2.1 0 0
2D 0 53375 0 2904.85 382.4 -2691.3 35.09 22 2
46 0 52581 0 305.5 886.8 -1491.08 -0.57 0 -0.44
1D 0 16255 0 4073.22 500.88 -2841.51 -18.41 2 29.7
2D 0 127 0 2954.42 382.4 -2623.19 35.09 22 2
27 0 6622 0 536.39 540 -838.24 0 0.3 0
34 340 20289 64010 2659.83 348.8 -2665.4 35.09 22 13
2D 0 54399 0 2916.4 382.4 -2665.02 35.09 22 2
3E 3151 60142 3574 1168.34 544.49 -983.55 2 0.3 7
27 0 6622 0 593.12 540 -891.29 0 0.3 0
18 0 0 0 1699.228 504.7169 -1015.508 -3 -1 -7
18 0 0 0 1727.228 478.7169 -1017.508 -4 0 -7
18 0 0 0 1755.228 449.7169 -1021.508 -3 1 -9
18 0 0 0 1778.228 421.7169 -1026.508 -2 1 -9
18 0 0 0 1803.228 394.7169 -1031.508 -1 1 -9
18 0 0 0 1831.228 369.7169 -1037.508 -1 1 -9
18 0 0 0 1861.228 345.7169 -1045.508 -1 1 -9
18 0 0 0 1890.228 326.7169 -1052.508 1 1 -9
18 0 0 0 1924.228 306.7169 -1061.508 -1 1 -9
18 0 0 0 1957.228 291.7169 -1073.508 1 1 -9
18 0 0 0 1993.228 274.7169 -1081.508 2 1 -9
18 0 0 0 2028.228 259.7169 -1090.508 1 1 -9
18 0 0 0 2064.229 242.7169 -1099.508 -1 1 -9
18 0 0 0 2103.089 228.1878 -1105.766 1 1 -9
18 0 0 0 2138.089 212.1878 -1112.766 2 1 -9
18 0 0 0 2173.089 194.1878 -1117.766 2 1 -9
18 0 0 0 2212.089 180.1878 -1120.766 2 1 -9
18 0 0 0 2248.089 161.1878 -1120.766 4 1 -9
18 0 0 0 2291.089 145.1878 -1121.766 0 1 -9
18 0 0 0 2323.089 128.1878 -1116.766 1 1 -11
18 0 0 0 1663.13 530.6965 -1012.223 6 1 -7
18 0 0 0 2685.08 -2 -1045.051 148 1 1
18 0 3712 65534 2869.08 0 -1089.051 102 -3 -2
18 0 6680 65529 3001.06 -3 -1158.771 26 1 -9
