3 65440 17076 64500 2020.51 12.46 257.19 0 100 0
3 65266 32416 0 4708.2 8.51 1769.43 9.499998 160 0
3 0 16032 0 4079.24 8.41 356.39 11 120 0
3 0 0 0 4302.81 8.41 1150.3 8 120 0
3 0 32796 0 4702.77 8.51 1234.92 8.799999 70 0
3 0 0 0 4302.81 8.41 1460.3 9 120 0
3 0 16393 0 4448.46 8.51 1755.69 10 100 0
3 0 0 0 4302.81 8.41 560.3 7.799993 60 0
3 0 0 0 4302.81 8.41 1310.3 7.5 120 0
3 65504 16787 59 -172.44 63.91 1141.6 10 68.2 0
3 0 0 0 4302.81 8.41 760.3 10 0 0
3 65520 14931 59 -255.76 55.37 1194.25 16.9 66.2 0
3 65440 15796 64500 2117.79 12.46 250.54 0 100 0
3 0 16393 0 4304.46 8.51 1776.69 10 100 0
3 0 16544 0 4079.24 8.41 376.29 11 120 0
3 65520 17251 75 -256.09 55.67 1217.08 16.9 68.2 0
3 65504 16531 59 -171.18 63.81 1119.41 10 68.2 0
3 0 16270 0 4703.302 8.51 1088.34 0 0 0
3 0 16300 0 4703.22 8.51 1106.34 0 0 0
3 0 32596 0 4701.86 8.51 1369.95 10.5 70 0
3 0 0 0 4299.81 8.41 370.3 10.6 120 0
3 0 160 0 4300.81 8.41 760.3 10 120 0
3 0 0 0 4302.81 8.41 1010.3 7.5 0 0
3 0 16393 0 4311.46 8.51 1756.69 10 100 0
3 0 16393 0 4448.46 8.51 1776.69 10 100 0
1D 50905 47706 116 6001.292 12.1 1018.916 1 1 1
1D 43191 808 65504 -107.644 19.02 253.844 1 1 1
1D 11284 16384 208 225.63 18.39 712.547 1 1 1
1D 65316 35868 65439 837.83 83.5 631.37 -2.9 3 30
1D 65316 35868 65439 887.66 83.5 671.68 -2.9 3 30
1D 57956 49152 240 5708.577 42.2 1167.103 1 1 1
1D 23273 60543 240 5780.659 454.1001 677.274 1 1 1
1D 18755 30808 230 -641.14 50.49998 898.137 1 1 1
1D 18408 29021 65520 -457.455 55.68 183.665 1 1 1
D 65316 35868 65359 1053.08 -6.77 745.21 6.1 0 0
20 576 4179 65292 48 0.5 44 1 1 1
20 64598 65117 65498 -77 2 154 1 1 1
3A 0 53352 0 -522.32 6 200.25 4 1 1
0 0 16814 0 6323.57 410.54 1092.91 6.6 -0.25 0
20 879 9678 64369 -498.55 2.5 255.84 1 1 1
20 598 12594 63977 -474 0.5 361 1 1 1
20 236 12348 64957 -656 0 394 1 1 1
20 1389 56244 1698 -691 1 637 1 1 1
20 65502 16720 64494 -579 0.5 612 1 1 1
20 65297 40088 202 -27 2.5 74 1 1 1
20 862 56314 1047 5532.64 0.86 1127.39 1 1 1
20 64614 24995 64688 5885 -1 1112 1 1 1
20 1374 39951 64412 6181 -1 1027 1 1 1
20 65278 46251 903 6096 -3 966 1 1 1
20 862 56314 1047 5959 -0.5 1211 1 1 1
20 64612 37813 484 6084 -1.5 1068 1 1 1
22 57741 41011 9741 2215.46 95.7 263.95 1.6 1.88 0
20 65265 12421 678 254 3 1012 1 1 1
20 64604 45411 2438 -1041 0 1235 1 1 1
0 0 18173 0 -879.83 9.99 1414.32 0 0 0
20 1095 40345 64568 459 0.5 547 1 1 1
20 65269 47831 2069 -737 -0.5 1443 1 1 1
20 707 2614 65355 -221.55 1 213.84 1 1 1
20 219 15356 63356 284 1 843 1 1 1
20 840 43690 64092 126 1 889 1 1 1
20 64991 23798 64904 -881 3 1294 1 1 1
20 1651 56196 2027 -1009 1 1372 1 1 1
3C 0 49152 0 -879.91 46 1516.78 30 35 16.1
20 1006 5242 64984 171 3 1146 1 1 1
0 97 32034 65491 -242.59 9.56 191.06 0 0 0
21 649 12251 63997 213 3.5 1085 1 1 1
21 63961 8576 1675 362 1.5 629 1 1 1
20 1480 3478 65026 -355.55 2.5 196.84 1 1 1
21 63867 0 0 576 2 519 1 1 1
22 63669 48412 12421 -1075.47 -2.5 1274.45 1 1 1
22 65053 48767 9349 6039.53 -6.5 909.45 1 1 1
42 12288 45549 512 4642.4 -31.49 1005.78 0 2 0
22 13340 2561 63079 5880.03 -3 1184.45 1 1 1
22 12078 5404 60517 -116.47 0 214.45 1 1 1
22 59796 46542 11642 256.53 -1.5 735.45 1 1 1
22 305 16282 52529 303.53 -1.5 1025.45 1 1 1
21 985 21187 65492 -52 2 -19 1 1 1
22 6593 11831 56124 213.53 -3 1172.45 1 1 1
22 2767 50795 10703 -1006.47 -2.5 1489.45 1 1 1
22 1698 15096 55970 -594.47 -2 1573.45 1 1 1
22 10163 59757 4934 6026.53 -3 1246.45 1 1 1
22 64911 17074 57867 -536.47 -3.5 529.45 1 1 1
22 564 49441 11436 -707.47 -3.5 569.45 1 1 1
22 59609 47051 12602 6025.53 -3 1036.45 1 1 1
22 7144 12880 54413 404.53 -1.5 652.45 1 1 1
22 61099 47290 12084 37.53 -2 996.45 1 1 1
22 6375 57013 5724 6181.53 312.5 1281.45 1 1 1
22 8307 64939 427 6092.53 156.5 1252.45 1 1 1
20 1703 29790 497 570 1 615 1 1 1
2 1360 59083 63232 6119.53 160 1216.02 6.6 1.7 0
13 65280 56568 0 286.29 1.83 739.61 0 0 0
21 63891 10965 2795 218 2 812 1 1 1
37 0 20250 0 -425.2 51.01 213.98 0 0 0
33 64640 4154 65408 1843.04 222.9 861.31 1 1 1
20 62678 39168 184 6036.48 55.41 1162.69 1 1 1
21 1403 43043 63456 6334 402.5 1221 1 1 1
21 64315 56482 64107 6317 403.5 1044 1 1 1
2D 0 44700 0 6255.62 313 1244.74 1 1 1
21 64534 44544 1024 5771 -0.4 1119 1 1 1
21 763 45981 63150 6356 403 1144 1 1 1
21 328 12724 65128 6351 403 1186 1 1 1
2 26282 1371 14217 -744.18 81.11 1183.48 0 1.6 0
49 805 50211 65327 -308.13 1.39 221.65 0 0 0
2 21760 64121 15728 -632.31 46.01 1023.01 0 2.2 0
33 1055 13275 62016 2169.37 59.16 913.39 6.6 15.4 33.32
0 3 29613 1650 621.25 10.4 617.89 -2.9 3 30
34 33184 54809 34154 1851.09 215.01 672.87 1 1 1
4 65114 604 133 -856.92 14.11 1405.25 0.4 0 12888.27
13 64831 47482 64715 1644.41 115 836.45 2 0 60
22 39459 10621 43580 6134.05 154.65 1145.02 1 1 1
3E 1807 6258 63412 1993.56 13.57 249.5 2 1 0
2 1152 46797 0 6090.59 78.67 1175.54 6.6 0 0
22 56261 24645 58715 5598.53 -3 1053.45 1 1 1
47 0 31962 0 4439.31 -19.93 1815.91 0 1 12.3
20 768 61049 63429 -401.87 83.86 1250.29 0 0 0
2B 0 34692 65086 -264.49 54.98 1234.8 0 0 0
22 4560 13534 55250 -576.47 -3 723.45 1 1 1
22 63672 18302 53063 -816.94 -1.82 1285.73 1 1 1
22 58656 27054 62128 -422.6 84.07 1174.35 1 1 1
22 54857 33635 3324 652.18 3.92 515.15 0 0 0
20 1497 58211 1650 697.83 11.84 734.11 0 0 0
33 496 61769 784 1940.52 211.92 944.16 1 0 1
21 63000 14435 64526 712.69 78.4 520.83 0 11.9 0
22 4931 53859 7281 779.11 30.42 948.69 0 11.9 0
21 1848 56739 1686 939.95 55.67 986.29 0 11.9 0
21 64244 22451 65359 888.42 78.92 671.05 0 11.9 0
42 57600 48180 40704 5789.29 404.59 640.53 1.3 1 1
3C 0 16221 0 -800.19 46 1583.74 24 39 15
20 64347 28931 64927 1019.36 75.46 780.15 0 1.9 0
20 65519 24323 65050 963.45 77.67 702.65 0 1.9 0
20 1024 1331 512 1613.75 114.3 884.82 0.2 1.9 0
21 65201 40963 2989 799.6 79.99 646.85 0 1.9 0
36 0 4809 1113 1097.51 -4.7 844.94 0 0 0
22 11264 56883 8192 1910.95 194.5 998.94 0.2 1.9 0
21 2816 16435 0 1920.77 197.4 937.2 0.2 1.9 0
22 65280 50227 9984 1821.35 195.13 888.83 0.2 1.9 0
2D 0 21395 0 1891.96 197 986.72 0.2 1.9 0
0 7936 62545 58919 1940.61 160.7 964.32 1 1 1
20 1052 62720 967 5715.05 -22.1 1159.4 1 1 1
20 3276 38144 65522 6146.66 1.63 1250.92 1 1 1
37 0 10832 0 2788.32 84 316.09 2 1 6
22 4003 12157 58172 5825.63 417.25 636.91 1 1 1
33 65280 10212 3328 5804.64 396.99 671.64 1 1 1
22 42275 10621 39484 6274.69 405.75 1073.41 1 1 1
18 0 65350 0 4334.22 34.51 1519.97 -1 22 16
15 0 32360 0 -644.45 10 548.42 4 17 0
20 62464 32036 323 2116.63 6.88 235.61 2 1 6
14 0 32785 0 4620.58 8.49 1816.27 33 205 0
3B 0 49114 0 4253.03 7.01 366.12 0 0 0
0 70 2962 65306 5614 7.9 1102.41 11 38.3 0
0 70 2962 65306 5637.69 7.9 1106.17 11 38.3 0
0 70 2962 65306 5664.35 7.9 1110.41 11 38.3 0
19 0 24651 0 6325.38 410 1054.27 32 0 6
D 314 18677 65422 6297.18 312.7 1271.14 6.4 15.4 30.12
0 70 2962 65306 5862.5 7.29 1150.97 11 38.3 0
0 70 2962 65306 5949 10.5 1142.2 11 38.3 0
0 70 2962 65306 5961.4 17.6 1148.67 11 38.3 0
0 70 2962 65306 5972.92 24.6 1154.69 11 38.3 0
0 70 2962 65306 5983.55 32 1160.24 11 38.3 0
0 70 2962 65306 6089.49 114.5 1176.24 11 38.3 0
0 70 2962 65306 6089.49 129.5 1176.24 11 38.3 0
0 70 2962 65306 6089.49 143.5 1176.24 11 38.3 0
31 544 11545 0 1853.43 222.01 671.54 1 1 1
15 0 33128 0 -656.88 52.4 918.56 3 16 0
0 3735 33220 433 2189.89 33.65 902.7 0 1.9 0
0 64000 13092 63488 6247.29 399.95 1238.98 11 38.3 0
0 64000 13092 63488 6247.29 386.95 1238.98 11 38.3 0
0 64000 13092 63488 6247.29 416.95 1238.98 11 38.3 0
0 3735 33220 433 2154.02 44.75 846.38 0 1.9 0
0 0 29362 0 5938.8 407.91 817.84 11 38.3 0
0 0 29362 0 5919.29 407.91 825.23 11 38.3 0
0 0 29362 0 5893.46 407.91 823.22 11 38.3 0
0 0 29362 0 5874.12 407.91 809.01 11 38.3 0
0 0 29362 0 5860.87 407.91 785.15 11 38.3 0
0 97 32034 65491 -86.79 9.66 46.13 0 0 0
0 97 32034 65491 -103.83 9.66 56.6 0 0 0
0 97 32034 65491 -71.45 9.56 36.71 0 0 0
0 97 32034 65491 -209.56 9.56 179.64 0 0 0
0 97 32034 65491 -224.64 9.56 184.98 0 0 0
0 1360 7628 63232 6140.94 251.85 1228.9 0 0 0
15 0 49218 0 3458.72 27 364.86 4 20 0
15 0 49218 0 3774.11 27 363.57 4 20 0
38 0 20250 0 -875.94 76.01 505.79 0 0 0
0 1360 7628 63232 6152.56 295.85 1242.64 0 0 0
21 1252 0 0 -319 3 107 1 1 1
0 0 34920 0 -402.72 10 180.83 1 1 1
0 0 34920 0 -418.4 10 193.88 1 1 1
15 0 33080 0 -963.4 55.19 1475.93 3 15.6 0
0 0 34920 0 -490.29 10 353.43 1 1 1
0 0 34920 0 -498.1 10 370.75 1 1 1
15 65085 41486 144 -269.15 7.5 347.28 6 21 1
14 59839 677 63969 2059.46 31.03 229.12 22 10 60
18 0 65350 0 4036.68 -25.49 364.98 -0.7 22 14
14 59839 64421 63969 2119.45 31.03 228.24 22 10 60
24 314 18677 65422 6297.04 296.77 1270.92 -1.4 15.4 30.12
15 0 16839 63488 1744.51 99.7 835.77 4.01 17.9 0
15 0 32381 0 1874.35 204 780.51 4.01 17.9 0
19 0 17739 0 6352.41 410 1107.78 32 0 6
19 0 11595 0 6342.54 410 1194.19 32 0 6
0 0 62545 58919 1950.82 84.2 964.32 1 1 1
0 7936 62545 58919 1945.92 105.2 964.32 1 1 1
0 7936 62545 58919 1943.52 132.6 963.46 1 1 1
2B 64024 62322 64878 734.91 78.29 530.53 1 1 1
36 0 4809 1113 1098.5 -4.7 879.58 0 0 0
20 195 18440 65179 1919.04 41.4 365.9 2 1 6
14 0 53701 0 154.12 9 -149.99 132 230 0
14 0 64273 0 4595.88 8.49 1709.93 33 205 0
3C 0 65501 0 -673.64 46 1397.4 18 15 1.1
14 0 65446 0 4080.46 9.51 325.93 -1 22 16
0 3 29613 1650 677.52 17.4 653.11 -2.9 3 30
0 3 29613 1650 658.59 14.5 641.89 -2.9 3 30
0 3 29613 1650 638.02 11.7 627.67 -2.9 3 30
2 60928 31954 15728 -557.93 35.47 1158.66 0 2.2 0
2 8704 6252 9584 -675.5 39.16 1102.51 0 2.2 0
3A 0 40760 0 -189.06 7 18.79 6.2 1 1
0 0 34920 0 -480.02 10 330.64 1 1 1
0 70 2962 65306 5792.71 7.29 1145.74 11 38.3 0
0 70 2962 65306 5814.65 7.29 1147.38 11 38.3 0
0 70 2962 65306 5840.57 7.29 1149.33 11 38.3 0
3B 0 32682 0 4303.03 7.01 1116.12 0 6 0
D 12 51231 82 6061.48 -0.01 878.86 3.4 15.4 30.12
D 65316 35868 65359 828.02 79.74 626.83 4.1 0 0
0 3735 33220 433 2189.26 37.65 880.71 0 1.9 0
24 314 18677 65422 6341.86 318.77 1257.1 -1.4 15.4 30.12
0 0 18173 0 -850.37 9.99 1419.98 0 0 0
0 0 18173 0 -855.28 9.99 1386.87 0 0 0
0 0 18173 0 -867.47 9.99 1423.05 0 0 0
0 0 18173 0 -838.71 9.99 1409.01 0 0 0
0 0 18173 0 -881.11 9.99 1399.67 0 0 0
0 0 18173 0 -872.43 9.99 1388.46 0 0 0
0 0 18173 0 -840.72 9.99 1394.12 0 0 0
20 64110 23700 63868 -791 0.5 1373 1 1 1
20 64110 65284 63868 -859.17 2.51 1405.76 1 1 1
34 30272 47641 32362 1850.79 215.31 822.02 1 1 1
0 1134 58884 636 271.41 9.96 779.64 1 1 1
0 1134 58884 636 259.04 9.96 797.83 1 1 1
0 1134 58884 636 246.67 9.96 816.02 1 1 1
0 1134 58884 636 186.02 9.96 849.89 1 1 1
0 1134 58884 636 172.53 9.96 869.74 1 1 1
0 1134 58884 636 159.03 9.96 889.59 1 1 1
0 1134 58884 636 182.93 9.96 965.89 1 1 1
0 1134 58884 636 171.69 9.96 982.43 1 1 1
0 1134 58884 636 159.88 9.96 999.8 1 1 1
0 1134 58884 636 79.06 9.96 1022.19 1 1 1
0 1134 58884 636 68.7 9.96 1035.67 1 1 1
0 1134 58884 636 57.13 9.96 1050.74 1 1 1
22 59375 21763 59674 824.76 74.32 578.48 0 1.9 0
33 64944 47817 64960 1891.24 201.43 733.64 1 0 1
33 65235 53840 1737 1925.3 219.76 930.71 0 0 0
21 109 40080 65493 6347 403 1087 1 1 1
3C 0 32637 0 -606.28 46 1550.15 9 8 12
38 1024 61710 0 -282.49 211 1276.72 1 1 1
36 0 0 0 -670.07 27.14 1096.61 0 0 0
2 48 64709 3840 -1001.07 4.6 1304.68 0 0 0
36 0 0 0 -1039.91 23.67 1311.99 0 0 0
36 0 0 0 -1039.91 -14.61 1311.99 0 0 0
22 3042 52323 10479 738 77.97 548.18 0 0 0
21 1318 43959 63160 -524 0.5 459 1 1 1
33 64944 47817 64960 1891.45 210.83 673.04 1 0 1
2C 65503 55666 855 1064.1 78.04 833.08 1 1 1
21 64826 41364 765 -455 3 185 1 1 1
2C 448 44002 1676 1061.18 76.69 894.13 1 1 1
2D 65508 11490 1499 1048.16 73.44 920.07 1 1 1
2D 65519 8930 1525 1031.41 70.07 940.97 1 1 1
22 10212 1283 1499 1024 66.9 934.35 0 1.9 0
15 2304 33080 0 -958.83 73.19 1339.76 3 15.6 0
15 51456 16696 63744 -532.18 110 1210.24 3 15.6 0
2 64000 22451 0 6340.84 340.6 1258.96 7.7 1.2 0
3B 0 32682 0 4703.03 7.01 1246.12 0 6 0
18 0 65446 0 4269.18 34.51 470.13 -1 22 16
0 0 16814 0 6334.79 410.54 1155.58 6.6 -0.25 0
0 0 16814 0 6335.01 410.54 1134.2 6.6 -0.25 0
2A 0 27351 0 6305.12 404 1167.75 10 0 20
49 833 51235 65529 -267.85 1.6 214.63 0 0 0
14 0 32638 0 4917.32 8.51 1154.01 178 64 12.3
20 64193 42710 1866 337.9 -1.5 724.77 1 1 1
D 0 12501 0 72.76 6.01 -96.21 3 230 0
D 418 56749 64585 6387.11 -0.3 1177.9 4.1 0 0
D 418 56749 64585 6392.47 -0.3 1154.71 4.1 0 0
D 0 12501 0 74.6 9.01 -118.22 3 230 0
15 2304 16696 0 -906.55 93.19 1214.39 3 15.6 0
D 418 56749 64585 6379.65 -0.3 1194.23 4.1 0 0
15 0 16184 0 -810.22 54.19 1547.93 3 15.6 0
14 59839 2213 63969 1997.59 27.03 236.11 63 0 60
14 59839 6309 63969 1923.87 31.03 252.14 22 10 60
33 65235 48128 1737 1919.21 227.15 880.8 0 0 0
15 768 38504 0 -597.69 42.4 1082.26 3 16 0
15 2560 40808 0 -699.68 70.4 1219.62 3 16 0
34 27040 15641 28778 1894.97 220.01 668.79 1 1 1
3F 35535 38692 33828 1861.97 112.93 461.4 2 1 6
13 70 15076 65306 5596.35 3.07 1103.74 0 0 0
2 61200 79 53248 -1032.14 87.47 1308.25 0 1 0
18 0 65446 0 4270.18 34.51 1607.13 -1 22 16
14 0 16254 0 4647.97 8.51 1328.41 178 64 12.3
3D 0 55331 0 -812.64 6.99 1412.87 24.4 39 2
3C 0 65501 0 -674.01 46 1474.48 18 15 11
D 0 12501 0 54.36 9.01 -109.38 3 230 0
37 0 55331 0 -804.29 55.99 1421.43 24.4 39 2
36 0 0 0 -625.54 34.33 1160.71 2 -0.16 0
3C 0 49152 0 -719.62 46 1516.78 30 35 14
3C 0 16221 0 -961.08 46 1583.74 24 39 17
19 0 49194 0 -677.13 46.03 945.33 66 11 0
3C 0 16221 0 -720.18 46 1583.74 24 39 3
36 0 0 0 -1039.91 62.14 1311.99 0 0 0
36 0 0 0 -670.07 -11.21 1096.61 0 0 0
36 0 0 0 -549.53 3.91 1161.71 0 0 0
36 0 0 0 -549.53 -34.19 1161.71 0 0 0
36 0 0 0 -590.75 -19.19 1135.12 2 0 0
21 65024 22888 644 -684 1 506 1 1 1
36 0 0 0 -658.89 -14.19 1310.46 2 0 0
36 0 0 0 -625.54 -4.19 1160.71 2 0 0
3C 0 65261 0 -995.14 46 1470.73 29 35 0
3C 0 32733 0 -605.47 46 1480.15 18 15 2
3C 0 49152 0 -799.83 46 1516.78 30 35 4.1
3C 0 32733 0 -605.25 46 1411.15 18 15 10
3C 0 16221 0 -640.39 46 1583.74 18 15 13
14 65520 35155 64827 -277.27 76.27 1267.34 16.9 66.2 0
2D 0 1042 0 1572.69 115 784.66 1 1 1
2C 0 2754 0 1643.99 115 863.89 1 1 1
2D 0 5826 0 1619.52 115 877.77 1 1 1
2C 0 57842 0 1646.56 115 806.85 1 1 1
3B 0 49178 0 4303.03 7.01 366.12 0 1 0
34 27200 15641 33386 1894.97 220.41 728.26 1 1 1
31 27200 18713 33386 1895.43 228.41 831.2 1 1 1
33 48 47305 65344 1891.67 196 808.57 1 1 1
33 65312 451 65280 1855.05 224.4 719.59 0.2 1.9 0
33 65488 14420 240 1857.68 196.5 751.89 1 1 1
31 32064 49961 35690 1855.52 225.7 799.77 1 1 1
31 34368 49993 37226 1857.92 210.1 745.31 1 1 1
33 65440 15017 704 1856.85 206.5 670.1 1 1 1
33 65312 58729 704 1903.65 221.5 864.1 1 1 1
33 65328 47049 65088 1891.99 210.5 822.78 1 1 1
33 64944 60985 65440 1890.89 224.9 800.08 1 1 1
33 64944 47785 65440 1893.96 214.53 738.8 1 0 1
2B 65194 54594 65514 1042.32 76.55 797.45 1 1 1
2B 65030 56514 64917 1015.15 76.18 765.18 1 1 1
2B 65379 56146 65099 989.64 77.19 732.17 1 1 1
2B 65263 54674 65050 967.81 77.31 696.54 1 1 1
2B 65239 54674 65084 946.63 77.19 659.85 1 1 1
2B 65234 56594 65193 918.83 77.18 626.94 1 1 1
2B 65184 58162 65246 888.01 77.2 599.66 1 1 1
2B 65122 59314 65301 853.31 77.17 575.75 1 1 1
2B 64992 61058 65309 815.19 77.24 557.73 1 1 1
2B 64453 61666 65195 775.43 77.44 542.83 1 1 1
2D 0 58626 0 1626.22 115 790.59 1 1 1
24 0 12331 0 1556.88 94.79 799.03 6.6 15.4 33.32
14 65380 37447 64301 1091.02 3.67 812.27 18.3 12.2 2.9
24 0 24747 0 1546.62 94.76 833.77 6.6 15.4 33.32
3 0 16384 63344 1676.1 109.33 835.36 10 40 0
31 62720 6283 0 2146.12 30.16 942 6.6 7.4 33.32
33 63488 31659 0 2115.99 41.76 862.98 6.6 15.4 33.32
34 0 30379 0 2087.62 71.86 856.99 6.6 15.4 33.32
34 2304 25227 0 2155.53 58.86 872.36 6.6 7.4 33.32
34 256 907 0 2120.94 41.86 946.06 6.6 7.4 33.32
31 2304 18827 0 2176.58 72.36 911.51 6.6 7.4 33.32
34 2304 9867 0 2170.45 58.16 917.83 6.6 7.4 33.32
31 2560 30379 0 2117.24 58.66 859.44 6.6 15.4 33.32
33 63343 26251 64512 2152.31 44.46 870.94 6.6 15.4 33.32
33 63887 29579 64512 2133.48 32.46 864.3 6.6 15.4 33.32
21 65280 33795 0 1562.89 115 783.85 0 1.9 0
33 527 10843 63776 2164.8 41.16 923.43 6.6 15.4 33.32
33 2015 4571 65504 2147.81 14.06 937.68 6.6 15.4 33.32
33 2015 859 65504 2134.89 22.76 942.38 6.6 15.4 33.32
33 2015 65083 65504 2113.03 16.36 944.09 6.6 15.4 33.32
23 1888 5523 64608 2121.25 114 952.54 0.2 1.9 0
20 63744 1331 63232 1930.79 197.51 1001.44 0.2 0.2 0.2
3E 885 44762 7254 730.29 78.75 547.53 0 0 0
2D 0 24227 0 1878.77 197 962.99 0.2 1.9 0
2C 0 52275 0 1839.17 197 889.18 0.2 1.9 0
2D 0 20787 0 1851.12 197 916.45 0.2 1.9 0
2D 0 20259 0 1861.44 197 942.38 0.2 1.9 0
20 63968 62595 62560 1855.47 197.7 949.43 0.2 1.9 0
34 30272 21273 32362 1897.8 222.31 746.68 1 1 1
33 0 5417 0 1851.96 221.2 804.78 1 1 1
33 0 13865 0 1857.62 208.7 812.65 1 1 1
33 16 14420 0 1855.34 214.5 734.82 1 1 1
33 65248 64154 0 1847.23 221.6 858.37 1 1 1
24 0 30266 0 1817.39 238.5 859.2 1 1 1
21 64937 7108 1220 6064.88 159 1233.99 1 1 1
33 64256 59844 256 6209.14 325.6 1222.07 1 1 1
33 64080 60388 144 6193.96 313.6 1218.12 1 1 1
24 0 36836 0 6264.29 322.59 1218.96 1 1 1
21 1106 43558 64286 6253.39 314 1255 1 1 1
33 64752 37092 63424 6136.47 138.89 1138.82 1 1 1
24 0 14820 0 5785.05 429 669.35 1 1 1
33 64512 6372 3840 5776.35 408.09 703.08 1 1 1
33 9200 12628 52336 5715.99 415.39 630.49 1 1 1
33 0 16612 0 5715.63 397.5 649.5 1 1 1
34 0 26443 0 5746.89 412.49 673.93 0 0 0
24 0 12413 0 5854.15 448.6 568.47 1 1 1
33 0 6916 0 5723.05 400.8 630.49 1 1 1
32 256 62724 0 5790.86 422.69 664.46 1 1 1
33 16 23796 62640 5753.27 398.29 681.27 1 1 1
33 2064 59636 65200 5773.76 397.69 660.57 1 1 1
32 60688 61940 65200 5769.05 413.89 665.37 1 1 1
20 3344 61940 63664 5739.66 451.49 694.74 1 1 1
22 12707 7549 56892 5782.96 427.35 681.54 1 1 1
23 1552 9204 63664 5854.93 464.39 581.48 1 1 1
23 2832 16116 62640 5853.08 454.39 553.73 1 1 1
23 60688 12532 65200 5923.12 420.39 475.52 1 1 1
23 4640 5524 144 5693.02 403.49 722.33 1 1 1
23 1824 55668 2192 6182.06 456.09 1174.17 1 1 1
23 12832 43124 61584 6208.69 208.69 1254.82 1 1 1
2C 0 8052 0 6242.33 313 1269.63 1 1 1
2D 0 5108 0 6217.49 313 1284.16 1 1 1
3E 60928 28285 65280 6177.23 314.5 1279.84 1 1 6
24 0 59428 0 6294.97 437 1088.34 1 1 1
2B 0 33135 61747 -347.93 66.11 1247.7 0 0 0
42 46080 14132 40704 6123.01 40.5 1154.91 1.3 1 1
22 6066 52739 12691 834.94 78.17 721.35 0 11.9 0
20 64062 63747 1561 739.7 23.12 833.82 0 11.9 0
20 318 18179 1561 861.37 42.12 1017.96 0 11.9 0
20 2920 63491 65271 897.21 80.25 795.24 0 11.9 0
20 64512 25465 64256 -296.55 55.31 1179.01 0 0 0
2B 0 34010 63377 -306.84 57.13 1242.48 0 0 0
2C 0 33135 62917 -386.94 80.29 1249.05 0 0 0
14 0 32785 0 4561.65 8.49 1824.42 33 205 0
3B 0 49114 0 4102.83 7.01 366.12 0 0 0
15 58315 64364 63612 1874.23 162.1 537.04 3 18 0
3B 0 49114 0 4203.03 7.01 366.12 0 0 0
45 0 948 0 2237.08 30 353.65 0 0 0
3B 0 32682 0 4303.03 7.01 1216.12 0 6 0
3B 0 32682 0 4303.03 7.01 416.12 0 6 0
42 0 46061 0 4227.98 -46.49 1234.31 0 2 0
3B 0 32682 0 4303.03 7.01 666.12 0 6 0
3B 0 32682 0 4303.03 7.01 716.12 0 6 0
3B 0 32682 0 4303.03 7.01 1066.12 0 6 0
3B 0 49114 0 4153.03 7.01 366.12 0 0 0
36 65534 0 0 -655.13 33.81 1238.68 2 0 0
15 0 49218 0 2984.02 27 364.45 4 20 0
3C 0 65261 0 -995.14 46 1549.93 30 35 6
15 64771 41901 1650 840.06 47.6 892.22 4 17 0
3B 0 16298 0 4353.03 7.01 1766.12 0 6 0
38 1024 61710 0 -214.06 211 1259.79 1 1 1
24 0 8395 0 1565.33 94.76 881.54 6.6 15.4 33.32
43 0 65406 0 4301.42 8.51 480.18 0 6 -90
3B 0 32682 0 4303.03 7.01 1166.12 0 6 0
3B 0 32682 0 4303.03 7.01 816.12 0 6 0
3B 0 32682 0 4303.03 7.01 866.12 0 6 0
3B 0 32682 0 4303.03 7.01 916.12 0 6 0
3B 0 32682 0 4303.03 7.01 966.12 0 6 0
3B 0 32682 0 4303.03 7.01 1566.12 0 6 0
18 0 65446 0 4270.18 34.51 1307.13 -1 22 16
3B 0 32682 0 4303.03 7.01 1416.12 0 6 0
15 0 331 0 4303.63 12.51 1415.5 3 19 0
38 0 20250 0 -420.18 171.01 788.84 0 0 0
3B 0 32682 0 4303.03 7.01 1366.12 0 6 0
3B 0 32682 0 4303.03 7.01 1666.12 0 6 0
3A 0 53352 0 -408.9 6 119.86 2 1 1
21 1430 45326 64869 -291.37 1.68 380.92 1 1 1
37 0 20250 0 -808.32 156.01 1332.89 0 0 0
3B 0 32682 0 4303.03 7.01 616.12 0 6 0
3B 0 32682 0 4703.03 7.01 1716.12 0 6 0
3B 0 32682 0 4703.03 7.01 1446.12 0 6 0
3B 0 32682 0 4703.03 7.01 1396.12 0 6 0
3B 0 32682 0 4703.03 7.01 1296.12 0 6 0
D 0 49218 0 2590.28 30 423.34 3 20 0
3B 0 49066 0 4903.03 7.01 1096.12 0 6 0
3B 0 65450 0 4703.03 7.01 1096.12 0 5 0
3B 0 49066 0 4753.03 7.01 1096.12 0 6 0
3B 0 49066 0 4803.03 7.01 1096.12 0 6 0
3B 0 49066 0 4853.03 7.01 1096.12 0 6 0
3B 0 32714 0 4703.03 7.01 1766.12 0 5 0
42 12288 37357 512 4906.11 -31.49 995.35 0 4 0
3B 0 49066 0 5053.03 7.01 1096.12 0 6 0
42 0 12537 0 4368.5 -42.49 492.67 0 0 0
42 0 12537 0 4256.66 -42.49 559.84 0 1 0
42 0 61177 0 4355.04 -72.49 714.8 0 1 0
42 0 61177 0 4247.15 -47.49 757.5 0 2 0
42 0 32505 0 4370.04 -47.49 851.1 0 2 0
42 0 25597 0 4359.8 -46.49 1580.54 0 1 0
42 0 50157 0 4214.33 -46.49 1072.2 0 2 0
42 0 33773 0 4406.3 -46.49 991.36 0 2 0
42 0 62445 0 4379.28 -46.49 1147.65 0 1 0
42 0 62445 0 4418.31 -46.49 1189.59 0 1 0
3B 0 32682 0 4303.03 7.01 1616.12 0 6 0
47 0 53011 0 4426.31 -15.79 1698.6 0 2 12.3
3B 0 16298 0 4653.03 7.01 1766.12 0 6 0
42 12288 12781 512 4660.01 -43.49 1381.04 0 3 0
3B 0 32682 0 4703.03 7.01 1146.12 0 6 0
3B 0 32682 0 4703.03 7.01 1196.12 0 6 0
38 0 20250 0 -1165.62 252.01 1210.79 0 0 0
14 0 32017 0 4691.73 8.49 1809.98 12 125 -10
14 0 64273 0 4503.13 8.49 1695.12 33 205 0
3B 0 32682 0 4303.03 7.01 516.12 0 6 0
14 0 64273 0 4569.2 8.49 1703.85 33 205 0
42 0 41981 0 4217.36 -46.49 1692.76 0 1 0
15 0 379 0 4303.87 12.51 878.4 3 19 0
3B 0 32682 0 4303.03 7.01 1066.12 0 6 0
3A 0 53352 0 -368.35 6 100.55 2 1 1
42 0 46061 0 4238.83 -46.49 851.91 0 2 0
18 0 48640 0 1868.76 365 787.47 107.2 16 42
14 0 31098 0 1944.81 161.82 991.31 0 11 0
3B 0 32682 0 4303.03 7.01 1516.12 0 6 0
14 0 16128 0 4235.56 8.51 1225.55 821 90 0
42 12288 8685 512 4786.68 -31.49 1251.27 0 2 0
18 0 65446 0 4270.18 34.51 1557.13 -1 22 16
42 6144 54286 0 -241.14 -21 1152.1 1 1 1
4A 0 45326 0 -267.79 2 348.22 1 1 1
3B 0 32682 0 4303.03 7.01 1616.12 0 6 0
37 0 20250 0 -564.76 171.01 1223.09 0 0 0
42 0 24781 0 4374.68 -46.49 1354.94 0 2 0
3A 65489 34339 64616 -279.48 1.46 208.12 0 0 0
49 807 47395 106 -182.8 1.44 226.12 0 0 0
49 789 49699 92 -141.8 1.57 230.12 0 0 0
49 804 49187 122 -161.8 1.67 226.12 0 0 0
49 833 51235 65529 -287.62 1.7 213.53 0 0 0
49 466 58915 64952 -408.2 1.33 282.5 0 0 0
49 413 60195 64908 -423.2 1.48 298.5 0 0 0
49 345 59171 64915 -432.93 1.25 320.19 0 0 0
49 374 61475 64791 -511.95 1.45 437.37 0 0 0
49 465 60451 64872 -500.36 1.33 417.41 0 0 0
3A 1233 2339 64616 -427.67 1.16 310.47 0 0 0
3A 1233 58915 64872 -493.71 1.46 405.15 0 0 0
3A 465 51235 360 -402.91 1.26 275.39 1 0 0
49 465 58915 64872 -485.1 1.06 398.51 0 0 0
4F 9 6796 0 6153.46 386 980.04 111 0 230
3A 64977 34339 104 -318.09 0.46 225.05 0 0 0
3A 64977 34339 104 -318.09 1.46 225.05 0 0 0
0 1360 7628 63232 6147.4 277.85 1236.53 0 0 0
3A 1572 21539 64890 -151.8 1.2 219.65 0 0 0
38 0 20250 0 -362.28 60.01 536.01 0 0 0
37 0 20250 0 -109.36 51.01 41.16 0 0 0
37 0 20250 0 -79.72 51.01 84.82 0 0 0
38 0 20250 0 -69.43 60.01 315.12 0 0 0
38 0 20250 0 -150.49 60.01 333.23 0 0 0
18 0 42747 0 6189.11 391.04 970.61 5 0 0
37 0 20250 0 -540.74 51.01 315.97 0 0 0
37 0 20250 0 -613.39 51.01 506.48 0 0 0
37 0 20250 0 -663.67 90.01 832.42 0 0 0
14 0 48912 0 4365.61 8.51 962.8 641 90 0
28 65264 48357 389 2256.03 30.16 361.94 9.5 95 0
14 0 32017 0 4643.58 8.49 1832.97 12 125 -10
14 59839 33445 63969 2028.51 27.03 280.57 32 0 60
3B 0 16298 0 4453.03 7.01 1766.12 0 6 0
3B 0 16298 0 4503.03 7.01 1766.12 0 6 0
3B 0 16298 0 4553.03 7.01 1766.12 0 6 0
28 62416 49111 0 5076.59 6.52 1095.87 11 60 0
3B 0 16298 0 4403.03 7.01 1766.12 0 6 0
42 0 64458 0 4382.09 -73.93 1695.46 0 1 12.3
42 0 31434 0 4482.31 -19.93 1814.92 0 1 12.3
14 0 49022 0 4754.52 8.51 1327.56 178 64 12.3
42 0 64458 0 4488.9 -43.93 1662.72 0 1 12.3
42 0 25597 0 4154.12 -46.49 1747.96 0 1 0
42 0 62445 0 4377.23 -46.49 1218.61 0 1 0
42 0 20701 0 4214.23 -46.49 1357.55 0 1 0
42 0 28893 0 4354.76 -46.49 1453.19 0 1 0
14 0 65102 0 4923.19 8.51 1037.93 218 64 12.3
3B 0 49114 0 4052.93 7.01 366.12 0 0 0
18 0 20989 0 106.68 50 -134.47 32.2 30 0
1E 1316 34339 65146 -590.1 13.2 377.86 0 0 0
19 0 57 0 -665.64 46.03 1018.51 4 11 0
19 0 57 0 -605.65 46.03 1017.49 -2 11 0
19 0 16426 0 -603.14 46.03 943.97 66 11 0
36 65534 0 0 -655.13 -4.19 1238.68 2 0 0
36 65534 0 0 -605.85 -14.19 1283.41 2 0 0
15 51403 50268 636 2083.61 13.94 251.1 3 18 0
15 0 49218 0 3225.19 27 364.64 4 20 0
42 0 64458 0 4597.04 -19.93 1700.92 0 2 12.3
42 0 64458 0 4650.87 -19.93 1596.31 0 2 12.3
42 0 11738 0 4763.47 -19.93 1549.77 0 2 12.3
42 0 64986 0 4652.98 -19.93 1495.16 0 1 12.3
15 0 16334 0 4924.26 11.51 1098.7 4.01 17 0
25 0 24064 0 -119.81 -43.69 554.15 1 0 0
25 0 24064 0 -12.25 -43.69 685.51 1 0 0
3A 0 53352 0 -393.57 6 110.43 2 1 1
3A 0 40760 0 -189.06 6 18.79 4 1 1
3A 0 40760 0 -178.96 6 12.8 3 1 1
3A 0 48952 0 -200.5 6 23.8 3 1 1
3A 0 53352 0 -257.86 9 27.88 2 1 1
20 64 15472 64809 126 3 1024 1 1 1
3A 0 53352 0 -271.96 9 32.85 2 1 1
2 64000 39091 63488 6226.61 316.6 1255.92 7.7 1.2 0
0 0 34920 0 -389.06 10 167.29 1 1 1
3A 0 53352 0 -522.32 5 200.25 5 0 1
3A 0 53352 0 -382.15 6 104.21 -2 1 1
3A 0 104 0 -570.37 6 269.25 3 1 1
3A 0 57688 0 -584.05 6 289.99 3 1 1
3A 64977 38179 64872 -521.06 1.46 446.37 6 0 0
20 1821 40759 63809 -190 1 57 1 1 1
3A 0 872 0 -532.76 6 208.87 3 1 1
3A 0 57448 0 -576.6 5.9 279.83 6 1 1
3A 0 53352 0 -512.05 6 191.18 3 1 1
3A 0 57448 0 -576.6 6 279.83 4 1 1
3E 4096 58697 1536 1559.34 114.5 788.53 2 1 7
22 63939 18440 55707 1890.65 173.4 561.02 2 1 6
3E 2575 4466 2228 1984.56 14.36 250.02 2 1 0
24 0 43419 0 1923.43 177.93 998.08 6.6 15.4 33.32
20 65089 34776 64830 1985.68 7.74 247.13 2 1 6
3E 2287 61434 3610 888.34 80.45 794.97 0.3 0 6
3E 2165 61690 65366 885.88 79.15 673.22 0 0 0
33 63216 55427 62976 723.51 52.14 556.81 0 0 0
3E 2165 62170 10582 799.88 80.45 650.31 0 0 0
3E 62837 44506 2902 798.03 80.45 644.95 0 0 0
20 64913 49416 64062 1861.08 104.74 460.77 2 1 6
22 9728 1075 4608 2084.18 4.4 262.01 0.2 1.88 0
15 59339 62588 63612 1883.86 101.1 454.72 3 18 0
3F 65519 58748 65332 2081.9 7.46 266.52 2 1 6
37 0 55888 0 2780.88 112 372.61 2 1 6
20 62627 893 65340 5965.66 7.15 1127.27 1 1 1
3E 2048 22141 6656 6146.92 161 1200.39 1 1 6
3F 63651 43133 1596 6105.28 77.15 1152.02 1 1 1
3E 256 61821 4864 6118.49 79 1207.38 1 1 0
3E 1536 58749 3584 6161.75 160 1214.8 1 1 6
3F 62627 49533 65340 6127.22 159.15 1165.11 1 1 1
3E 63395 34429 64828 6064.13 159.75 1230.44 1 1 0
3E 64000 26493 0 6063.95 160 1230.65 1 1 1
3F 0 52861 2304 6180.4 313 1211.43 1 1 1
3E 2198 6013 3823 6246.99 317.07 1231.41 1 1 0
3E 2454 65405 65519 6247.27 314.97 1230.44 1 1 0
3E 5376 59517 3328 6213.1 314.3 1225.67 1 1 6
2D 0 941 0 6191.38 313 1287.59 1 1 1
2E 0 6061 0 6146.89 160 1226.41 1 1 1
2D 0 6061 0 6122.91 159.8 1242.28 1 1 1
2D 0 3501 0 6098.07 159.8 1251.82 1 1 1
3E 2560 8160 62976 6318.52 406 1148.11 10 0 0
0 0 16814 0 6331.46 410.54 1114.52 6.6 -0.25 0
3E 3840 58752 65280 6348.53 403 1189.44 10 0 20
3E 3840 53888 65280 6350.04 403.6 1094.35 10 0 20
3E 2560 20960 63488 6318.52 404 1148.11 10 0 0
3F 3040 17280 58112 6306.26 440.5 1093.35 10 0 20
33 480 8576 1536 6302.87 419.3 1170.76 10 0 20
3E 4064 6272 63488 6290.089 404.1 1188.25 10 0 20
3E 62688 7808 60672 6283.83 403.3 1058.28 10 0 20
3B 0 32682 0 4303.03 7.01 1016.12 0 6 0
26 65408 17259 256 5834.4 47.58 1143.02 6.4 15.4 30.12
3C 0 16221 0 -880.23 46 1583.74 24 39 5
1E 1316 34339 65146 -225.41 2.25 98.78 0 0 0
21 64612 13347 2994 -605 3 342 1 1 1
15 0 32709 0 4702.96 12.51 1726.67 3 22 0
13 0 49248 224 4047.25 9.51 367.66 12 42 12
15 3 38317 1650 785.47 38.6 772.96 4 17 0
3B 0 32682 0 4303.03 7.01 1316.12 0 6 0
33 62208 30379 0 2100 52.96 862.58 6.6 15.4 33.32
14 2560 32443 0 2006.2 58.66 880.25 6.6 15.4 33.32
3A 1316 34339 65146 -195.09 1.2 221.75 0 0 0
14 0 32785 0 4486.77 8.49 1815.57 33 205 0
3B 0 32768 0 4703.03 7.01 1766.12 0 7 0
4F 9 6796 0 6062.79 385 886.87 111 0 230
3B 0 16298 0 4603.03 7.01 1766.12 0 6 0
3B 0 32682 0 4303.03 7.01 1466.12 0 6 0
37 63232 62016 63744 1875.4 377.5 1032.1 2 1 0
18 0 4093 0 127.22 6 -101.68 32.2 30 0
18 0 20989 0 109.36 6 -140.94 32.2 30 0
18 62927 349 0 -638.98 0.2 751.44 27.4 2.2 3
18 62927 349 0 -638.6 0.2 771.1 29 8.2 -1
18 62927 349 0 -640.6 0.2 735.54 28.3 -2.8 2.9
17 0 35635 0 -920.82 67 1511.63 -2.7 12.2 2.9
17 0 35635 0 -994.56 67 1511.05 -2.7 12.2 2.9
17 0 35635 0 -919.88 67 1587.74 -2.7 12.2 2.9
17 0 35635 0 -840.88 67 1588.1 -2.7 12.2 2.9
17 0 35635 0 -840.55 67 1517.1 -2.7 12.2 2.9
17 0 35635 0 -760.55 67 1517.48 -2.7 12.2 2.9
17 0 35635 0 -760.87 67 1586.47 -2.7 12.2 2.9
17 0 35635 0 -679.87 67 1586.85 -2.7 12.2 2.9
21 1952 4083 571 -254.02 55.33 1232.02 0 -2 0
3B 0 32682 0 4303.03 7.01 1716.12 0 6 0
26 0 32983 0 1873.43 244.49 870.6 1 1 1
18 0 48640 0 1868.76 320 787.47 107.2 16 42
37 63232 62016 63744 1923.59 377.5 987 2 1 0
18 258 48783 96 2077.41 70.03 804.22 -4.1 0 41
3B 0 32682 0 4303.03 7.01 466.12 0 6 0
24 2015 65083 65440 2120.4 100.96 940.99 6.6 15.4 33.32
28 62720 65497 0 4702.45 6.74 1687.58 8 60 0
14 0 32785 0 4314.71 8.49 1915.75 33 205 0
18 0 4093 0 123.38 84 -108.7 32.2 30 0
18 0 65350 0 4336.52 34.51 467.77 -1 22 16
18 0 65350 0 4335.52 34.51 517.77 -1 22 16
18 0 65350 0 4335.52 34.51 567.77 -1 22 16
18 0 65350 0 4335.52 34.51 618.77 -1 22 16
18 0 65350 0 4335.52 34.51 668.77 -1 22 16
18 0 65350 0 4335.52 34.51 718.77 -1 22 16
18 0 65350 0 4334.52 34.51 768.77 -1 22 16
18 0 65350 0 4334.12 34.51 818.77 -1 22 16
18 0 65350 0 4334.02 34.51 869.77 -1 22 16
18 0 65350 0 4333.72 34.51 917.77 -1 22 16
18 0 65350 0 4334.02 34.51 966.77 -1 22 16
18 0 65350 0 4334.02 34.51 1017.77 -1 22 16
18 0 65350 0 4333.92 34.51 1067.77 -1 22 16
18 0 65350 0 4333.92 34.51 1118.97 -1 22 16
18 0 65350 0 4333.92 34.51 1169.97 -1 22 16
18 0 65350 0 4334.92 34.51 1220.97 -1 22 16
18 0 65350 0 4334.42 34.51 1270.97 -1 22 16
3B 0 32682 0 4303.03 7.01 1266.12 0 6 0
18 0 65350 0 4334.22 34.51 1368.97 -1 22 16
18 0 65350 0 4334.22 34.51 1419.97 -1 22 16
18 0 65350 0 4334.22 34.51 1470.97 -1 22 16
18 0 65350 0 4336.52 34.51 367.77 -1 22 16
18 0 9123 0 -721.09 4.37 281.35 19 50 0
18 0 9123 0 -751.85 4.37 316.74 19 50 0
14 397 58650 64411 1050.78 5.61 969.35 20 31 20
18 0 65350 0 4336.52 34.51 417.77 -1 22 16
18 0 65446 0 4269.18 34.51 420.13 -1 22 16
44 0 65254 0 4709.07 8.51 1094.85 0 6 30
18 0 65446 0 4269.18 34.51 520.13 -1 22 16
18 0 65446 0 4269.18 34.51 570.13 -1 22 16
18 0 65446 0 4270.18 34.51 620.13 -1 22 16
18 0 65446 0 4270.18 34.51 668.13 -1 22 16
18 0 65446 0 4270.18 34.51 718.13 -1 22 16
18 0 65446 0 4270.18 34.51 767.13 -1 22 16
18 0 65446 0 4270.18 34.51 817.13 -1 22 16
18 0 65446 0 4270.18 34.51 867.13 -1 22 16
18 0 65446 0 4270.18 34.51 917.13 -1 22 16
18 0 65446 0 4270.18 34.51 967.13 -1 22 16
18 0 65446 0 4270.18 34.51 1007.13 -1 22 16
43 0 33030 0 4699.27 8.51 1750.35 0 1 220
18 0 65446 0 4270.18 34.51 1107.13 -1 22 16
18 0 65446 0 4270.18 34.51 1157.13 -1 22 16
18 0 65446 0 4270.18 34.51 1207.13 -1 22 16
18 0 65446 0 4270.18 34.51 1257.13 -1 22 16
18 0 65350 0 4334.82 34.51 1317.97 -1 22 16
18 0 65446 0 4270.18 34.51 1357.13 -1 22 16
18 0 65446 0 4270.18 34.51 1407.13 -1 22 16
18 0 65446 0 4270.18 34.51 1507.13 -1 22 16
18 0 65446 0 4270.18 34.51 1457.13 -1 22 16
3B 0 32682 0 4303.03 7.01 1266.12 0 6 0
14 0 15633 0 4656.32 8.49 1705.7 12 125 -10
14 0 16418 0 2715.8 7.53 375.71 55 0 0
18 0 42747 0 6035.68 388.04 864.41 5 0 0
18 0 42747 0 6019.68 388.04 852.41 5 0 0
18 0 42747 0 6090.92 388.04 902.83 5 0 0
18 0 42747 0 6144.22 388.04 939.94 5 0 0
18 0 48640 0 1868.76 278 787.47 107.2 16 42
14 0 1024 0 1884.48 352 925.98 107.2 57 42
3B 0 32682 0 4303.03 7.01 566.12 0 6 0
44 0 7953 0 4297.33 8.49 1607.87 0 0 0
3B 0 32682 0 4303.03 7.01 766.12 0 6 0
15 0 331 0 4303.81 12.51 1150.25 3 19 0
18 0 65446 0 4270.18 34.51 1057.13 -1 22 16
17 0 35635 0 -680.22 67 1515.98 -2.7 12.2 2.9
17 0 35635 0 -607.59 67 1583.99 0.3 12.2 2.9
17 0 35635 0 -994.91 67 1583.03 0.3 12.2 2.9
18 515 54193 2014 -171.53 181.57 374.59 41 60 110
18 515 54193 2014 -134.09 167.57 439.5 1 180 230
3 65518 48358 294 2117.62 9.4 981.36 12 0 0
35 62927 14490 0 -761.51 -16.35 1054.18 0 3 -1
4B 62927 15834 0 -638.25 43.65 934.26 4 3 2
14 65518 31974 294 1957.76 68.88 1037.89 73 90 0
3C 0 32873 0 -928.14 45.58 1471.28 29 35 7
22 4560 13534 55250 33.53 -3 151.45 1 1 1
15 0 21408 2304 -992.51 99 1289.07 2 17 0
2 17225 53381 60841 -655.36 61.27 1247.27 12 1 0
3 65518 48614 294 2120.49 9.88 959.81 12 0 0
15 0 42930 0 6118.85 407.01 920.78 3 18.3 0
15 0 42674 0 6222.76 407.01 993.92 3 18.3 0
35 0 24387 0 6240.67 -9.05 1522.2 2 2 2
4B 0 6963 0 6117.97 175.95 1214.87 4 2 3
28 0 49473 64752 1066.13 76.57 863.53 12 52 0
35 0 24387 0 6300.7 -9.05 1571.42 1 2 2
35 0 24387 0 6292.75 -9.05 1529.63 0 2 2
3B 0 49066 0 4953.03 7.01 1096.12 0 6 0
3B 0 49066 0 5003.03 7.01 1096.12 0 6 0
3B 0 16298 0 4303.03 7.01 1766.12 0 7 0
35 62927 48090 0 -506.96 -16.35 1080.63 0 3 -1
15 0 49131 0 4206.36 13.51 366.0001 4 18 0
31 2304 32067 0 2112.31 34.02 986.99 0.2 1.9 0
3B 0 32682 0 4703.03 7.01 1346.12 0 6 0
20 2304 27699 2928 1909.01 197.6 878.76 0.2 1.9 0
3E 1536 56625 2048 1897.54 198 858.07 2 1 0
34 63232 62016 63744 2049.05 65.5 816.55 2 1 0
37 63232 62016 63744 2075.38 257.5 1195.87 2 1 0
3E 3328 53464 5376 1911.95 197.4 891.11 2 1 6
3E 1280 55601 2304 1892.34 198 849.95 2 1 0
3E 3344 18648 61696 1860.26 198 750.07 2 1 6
3E 2304 10461 64000 1844.79 198 877.24 2 1 0
3E 6400 7901 61440 1855.5 198 845.18 2 1 6
3E 256 55517 768 1897.14 198 858.46 2 1 4
3E 3584 52456 5888 1888.17 197 645.2 2 1 6
2D 0 62994 0 1600.37 115 782.92 1 1 1
3E 3328 62936 4864 1930.86 197.4 942.48 2 1 6
20 64768 20883 64000 1637.49 114.1 794.01 0.2 1.9 0
0 3735 33220 433 2174.64 40.95 860.9 0 1.9 0
31 57600 62016 63744 1840.16 95.5 821.24 2 1 0
37 63488 16960 63744 2251.52 53.5 846.8 2 1 0
3F 6144 62222 0 -252.8 88 1167.06 1 1 1
3E 1280 1245 64256 1838.09 198 875.59 2 0.9 0
38 0 45216 64809 -40.03 206 1202.64 1 1 1
38 1037 45216 1015 -9.18 208.4 1267.66 1 1 1
38 1037 45216 1015 277.32 100.4 922.27 1 1 1
38 1037 53408 1015 397.14 100.4 616.49 1 1 1
3E 0 35392 3584 1612.43 114.8 880.73 2 1 0
3E 1024 55104 2048 1610.19 114.7 884.36 2 1 0
3E 1792 62784 3328 1636.34 114.7 797.93 2 1 0
3F 1536 56640 4864 1801.25 114.7 817.95 2 1 0
33 256 45632 63744 1797.26 107.7 811.24 2 1 0
34 256 33344 63744 1890.06 94.5 857.78 2 1 0
0 3735 33220 433 2134.65 45.65 837.81 0 1.9 0
31 62208 62379 0 2148.9 71.66 822.64 6.6 15.4 33.32
14 0 4894 0 -510 220 128 388 54 0
