0 0 0 0 66.21 -802.46 2372.77 0 0 0
0 0 0 0 5890.14 -1869 7630.74 0 0 0
0 0 0 0 44.54 -789.76 2308.43 0 0 0
0 0 0 0 57.98 -798.19 2352.86 0 0 0
0 0 0 0 70.76 -805.26 2132.18 0 0 0
0 0 0 0 38.89 -786.55 2285.12 0 0 0
0 0 0 0 2028.318 -917.0626 3726.719 0 0 0
0 0 0 0 47.52 -800.26 2183.18 0 0 0
0 0 0 0 1.460226 -864 1320.336 0 0 0
0 0 0 0 5890.14 -2019 7630.74 0 0 0
0 0 0 0 8691.757 -75.36438 8158.482 0 0 0
0 0 0 0 36.83 -786.26 2256.32 0 0 0
0 0 0 0 -0.0005960464 -887.9996 760.7128 0 0 0
0 0 0 0 58.99 -805.26 2158.3 0 0 0
0 0 0 0 -5.995837 -864 1393.7 0 0 0
0 0 0 0 8362.052 -37.36438 8172.62 0 0 0
0 0 0 0 8205.428 -1397.003 7992.341 0 0 0
0 0 0 0 8244.006 -721 7735.156 0 0 0
0 0 0 0 169.68 -861.76 2490.82 0 0 0
0 0 0 0 8660.854 -75.36438 8180.144 0 0 0
0 0 0 0 5890.14 -1989 7630.74 0 0 0
0 0 0 0 8264.408 -10.36438 8115.812 0 0 0
0 0 0 0 2160.282 -937.0994 3944.382 0 0 0
0 0 0 0 105.0021 -797 1579.998 0 0 0
0 0 0 0 116.61 -831.76 2448.85 0 0 0
0 0 0 0 8215.589 -1397.003 7970.769 0 0 0
0 0 0 0 133.31 -841.76 2466.36 0 0 0
0 0 0 0 35.02 -789.26 2229.44 0 0 0
0 0 0 0 5890.14 -1839 7630.74 0 0 0
0 0 0 0 76.08 -807.76 2391.89 0 0 0
0 0 0 0 6580.002 -1680.851 7539.997 0 0 0
0 0 0 0 8286.329 -10.36438 8138.966 0 0 0
0 0 0 0 8253.702 -1786.991 7933.373 0 0 0
0 0 0 0 105.0021 -797 1599.998 0 0 0
0 0 0 0 8494.142 -53.36438 8220.511 0 0 0
0 0 0 0 2125.673 -933.3705 3919.421 0 0 0
0 0 0 0 -32.83737 -832.0726 1709.214 0 0 0
0 0 0 0 -0.5932031 -864 1357.974 0 0 0
0 0 0 0 -0.0005958267 -882.9996 811.7128 0 0 0
0 0 0 0 1952.255 -840.0802 2899.69 0 0 0
0 0 0 0 2091.847 -929.0583 3888.142 0 0 0
0 0 0 0 -0.000595808 -886.9996 786.7128 0 0 0
0 0 0 0 2051.356 -923.144 3810.558 0 0 0
0 0 0 0 87.21 -814.76 2412.02 0 0 0
0 0 0 0 6669.002 -1728.561 7539.997 0 0 0
0 0 0 0 8273.065 -17.36438 8051.334 0 0 0
0 0 0 0 2239.714 -944.1994 3982.125 0 0 0
0 0 0 0 8628.592 -70.36438 8197.885 0 0 0
0 0 0 0 5890.14 -2049 7630.74 0 0 0
0 0 0 0 151.09 -850.76 2478.58 0 0 0
0 0 0 0 8527.124 -58.36438 8220.369 0 0 0
0 0 0 0 5890.14 -1959 7630.74 0 0 0
0 0 0 0 8563.94 -61.36438 8216.894 0 0 0
0 0 0 0 8596.362 -66.36438 8210.249 0 0 0
0 0 0 0 6640.002 -1708.447 7539.997 0 0 0
0 0 0 0 1881.812 -832.6585 2904.729 0 0 0
0 0 0 0 1914.849 -836.0264 2900.826 0 0 0
0 0 0 0 -36.80581 -864 1613.842 0 0 0
0 0 0 0 8388.379 -39.36438 8191.177 0 0 0
0 0 0 0 8242.534 -1397.003 7995.333 0 0 0
0 0 0 0 2035.938 -919.6712 3771.407 0 0 0
0 0 0 0 8209.703 -1397.003 8014.849 0 0 0
0 0 0 0 8261.63 -17.36438 8025.322 0 0 0
0 0 0 0 -35.55939 -857.1053 1645.809 0 0 0
0 0 0 0 5890.14 -1929 7630.74 0 0 0
0 0 0 0 6699.002 -1751.378 7539.997 0 0 0
0 0 0 0 1981.299 -842.888 2908.624 0 0 0
0 0 0 0 8221.176 -721 7743.558 0 0 0
0 0 0 0 8253.742 -721 7762.199 0 0 0
0 0 0 0 40.34 -794.26 2204.28 0 0 0
0 0 0 0 8236.616 -721 7752.671 0 0 0
0 0 0 0 2004.349 -846.826 2922.812 0 0 0
0 0 0 0 2026.521 -916.4102 3696.131 0 0 0
0 0 0 0 2200.401 -940.7486 3966.106 0 0 0
0 0 0 0 8229.625 -721 7770.546 0 0 0
0 0 0 0 5890.14 -1899 7630.74 0 0 0
0 0 0 0 8237.704 -1397.003 7972.615 0 0 0
0 0 0 0 51.19 -794.4 2332.45 0 0 0
0 0 0 0 -33.9056 -847.8403 1675.911 0 0 0
0 0 0 0 2070.485 -926.3547 3850.744 0 0 0
0 0 0 0 6610.002 -1692.716 7539.997 0 0 0
0 0 0 0 8235.752 -1397.003 8016.828 0 0 0
0 0 0 0 101.12 -822.76 2432.18 0 0 0
2 64768 20480 62783 10756.51 -2164.25 11087.59 85 4.3 0
2 2304 57344 2048 8321.796 -327.4734 7534.385 40 2.700001 20
2 990 16384 60067 1294.999 -983 2827 60 2 0
2 2176 11 48 8212.462 -1797 7867.172 100 6 28
2 5888 0 3584 4751.17 -634.0995 5167.84 52 -0.5 -6.3
2 61488 28672 62208 10813.48 -2013.49 11213 70 3 0
2 42752 0 33024 5588.464 -2198.941 6988.086 70 3 -0.3
2 14975 0 1868 8531.367 66.88099 7813.908 90 2.5 0
2 9899 0 65161 8399.68 -477.0034 7474.869 40 1.6 20
2 7068 0 55605 6206.038 -1750.44 7496.607 40 3 0
2 3814 16384 1883 8528.998 58.20865 7944.949 90 2.5 0
2 57690 16384 6531 6798.01 -1903.18 7755.42 30 2 0
2 55902 0 4356 2768.93 -474.8 4338.33 72 7 -6.3
2 58624 29696 0 8247.278 -727 7725.299 80 3.5 28
2 6827 0 62656 2873.32 -760.9991 3912.058 100 5 0
2 65280 16384 63232 8231.312 -1404.722 8043.075 75 3 28
2 1151 38926 61655 10840.4 -2194.25 11003.99 60 2 0
2 62976 27648 0 6095.701 -1884.003 7555.002 20 0.1999993 -0.3
2 5888 0 3328 4752.67 -630.6995 5192.71 49 -1.5 -6.3
2 62815 20480 56151 6289.53 -1701.83 7594.006 40 3.299999 0
2 7110 28672 46234 1362.692 -850.899 2833.973 80 4 0
2 5694 0 385 6798.01 -2050.94 7651 30 3.4 0
2 5282 0 1736 8511.003 -86.99966 7669.999 90 1 0
2 63047 21262 59261 10775.43 -1916.49 11137.5 50 1 0
2 12329 0 60777 2682.916 -302.24 4052.679 55 3 -6.3
2 640 16384 64768 6677.34 -2151.91 7624.76 30 1.6 0
2 60752 32768 65083 8310.602 -497.0034 7630.538 100 3 20
2 64512 18432 56901 1517.444 -958.1523 2973.199 60 2.599999 0
2 15175 0 64505 8508.21 169.9981 7975.525 90 6 0
2 3328 0 3584 4752.77 -631.4998 5215.91 44 -2 -6.3
2 64516 0 8179 2944.997 -544.822 4099.522 100 6 0
2 2304 0 1024 8257.162 -243.4734 7712.582 80 3 20
2 65471 16384 63087 6386.005 -1847.44 7540.741 80 3.1 0
2 61748 32768 1170 8303.24 -1244 8038.02 100 7.9 28
2 11714 62482 1520 2054.05 -967.96 3296.52 70 4 0
2 10965 42994 8761 10902.11 -2065.56 11008.99 60 7 0
2 64447 20480 59776 1293.295 -980 2858.675 60 2 0
2 58650 24576 55563 6738.27 -1844.92 7674.48 50 1 0
2 8218 0 1557 92.8168 -858.9992 1461.411 63 2 0
2 3584 0 0 8236.001 -119.4734 7761.255 20 1.5 20
2 62030 0 6795 8410.648 -419.0034 7591.231 40 1.6 20
2 43520 0 30208 5561.427 -2205.34 7025.409 70 3.099999 -0.3
2 0 16384 43776 6442.144 -1581.83 7539.997 25 2 0
2 9038 16384 60495 8488.337 -1.781086 7716.607 90 1.8 0
2 4096 0 0 8512.999 114.83 8333.79 290 6 1.8
2 64768 16384 52912 9421.01 -1924.78 11060.91 90 10 0
2 43520 0 38400 5610.227 -2178.941 6965.238 70 3 -0.3
2 64408 16384 54658 2423.4 -966.64 3977.45 101 9 0
2 62082 39005 2412 8349.27 -2120.44 8098.928 90 4.8 0
2 9255 0 90 2768.93 -682.98 4012.11 70 6 -6.3
3 65366 65088 0 8511.66 -1359.33 9927.24 0 7 0
3 620 14848 348 710.87 -942.94 2530.7 15 0 0
3 0 16384 64626 557.08 -943.4744 2535.36 13 0 0
3 0 15104 64626 439.08 -933.145 2510.36 12.5 0 0
3 256 15104 170 3892.19 -947.73 4594.49 11.5 60 -6.3
3 57856 15616 64938 3890.58 -941.43 4612.78 11 60 -6.3
3 65366 65088 0 8511.66 -1359.33 9927.24 0 7 0
3 0 48896 0 4694.36 -850 5206.81 13.3 120 -6.3
3 0 15360 64768 7344.508 -1810.425 7850.201 9.700003 45 0
3 60691 0 65159 8510.5 -100.6951 7644.298 10 60 20
3 8192 15104 426 3893.76 -939.83 4575.83 10 60 -6.3
3 0 48384 0 4659.36 -850 5226.71 13.2 120 -6.3
3 0 16896 8192 900.58 -1111.42 2959.92 10.4 40 0
3 0 16640 8192 900.58 -1111.42 2939.32 10.4 40 0
3 0 16896 8192 900.58 -1111.42 2980.92 10.4 40 0
3 256 15616 170 7156.15 -1821.16 7542.19 13 0 28
3 0 16640 974 689.83 -1234.016 2962.66 9 0 0
3 0 0 0 4704.996 -921.9999 4983.34 7 30 0
3 512 512 0 -36.17 -1088.98 2185.26 12 30 0
3 256 14848 170 3892.19 -947.73 4594.49 12 60 -6.3
3 0 16384 64180 6886.15 -1824.26 7544.19 13 0 28
3 59491 0 0 4704.996 -880.3447 5083.64 5.5 30 0
4 0 49152 65328 6962.2 -1826.89 7543.02 0 0 17
4 0 16640 64626 1858.92 -836.66 2909.71 410 2 1.8
4 0 0 0 8512.95 -842.82 9214.36 0 4.5 0
4 0 32768 0 4638.24 -595 5594.999 0 0 0
4 0 0 0 8221.87 6 7888.25 2 5.2 20
6 0 13406 0 8224.918 -1404.722 7995.061 3 6 0
6 0 9228 0 4565.237 -588.8702 4984.8 2 -1.937151E-07 0
6 0 1453 0 8212.469 -1797 7838.03 3 1.4 0.6999999
6 0 0 0 5890 -2073 7565 3 1 1
6 0 38756 0 8282.11 -2122 8036.52 4 6 0
6 0 45722 0 8233.563 -725.44 7790.302 4 1 1
6 0 8202 0 4563.196 -595 5208.928 3 0.4 -6.3
6 0 45007 0 8196.81 -44 7818.55 2 5.2 20
6 0 38756 0 8214.637 -2122 7774.35 4 6 0
6 0 164 0 4629 -850 5042.97 4 156 10
6 0 9635 0 4590.497 -850 5041.495 3 0 0
7 0 0 288 6144.57 -1735 7418.31 2 0 25
7 0 23447 0 8370.507 -499.9984 7434.352 1 1 1
7 0 27402 0 8267.552 -139.3384 7594.512 8 1.5 30
7 0 52081 0 4551.156 -597 5059.007 1 0 0
8 0 0 6 8542.005 -2329.998 8431.002 0.09999999 11.5 11.5
8 0 0 6 8511.005 -2329.998 8489.002 0.09999999 11.5 11.5
8 0 0 6 8479.005 -2329.998 8431.002 0.09999999 11.5 11.5
9 20480 4864 2 5838.232 -1684.05 6991.389 280 1.4 0.6999999
9 20480 4864 2 5837.232 -1705.05 7015.389 280 1.4 0.6999999
9 13568 54016 65520 9910.39 -1569.06 10843.83 230 1.4 1
A 0 49152 1792 4185 -937.39 4914 1.9 0 2
A 0 32768 0 0 29 -431.56 3 13 0.9999998
A 0 49152 0 951.9999 -938.9998 2854 3.199999 0 -0.25
A 4432 32768 0 0.14 -875.3008 847.6 4.35 31 0.0999999
A 0 49152 1536 1261.62 -952.5 2895 5.1 60 1.1
C 0 49052 65344 4592.707 -587 5089.314 7 240 11
C 0 37093 65350 6843.244 -1606.012 7524.942 9 5.2 100
C 758 12288 816 2415.362 -638.1042 3638.034 0.7 2.5 56.1
C 0 0 928 6177.537 -1773.44 7533.472 0 1 5
C 0 15836 512 8220.657 -149.0158 7709.405 40 1.6 20
C 0 20736 256 8312.161 -502 7564.442 0 1 4
C 0 16384 256 8511.998 -850.11 8977.004 0 4.5 0
C 0 16384 256 8511.998 -852.11 9047.004 0 4.5 0
C 758 12288 816 2640.589 -605.1042 3703.996 0.7 2.5 56.1
C 758 32768 768 2323.117 -639.8842 3674.641 0 1.5 56.1
C 758 12288 816 2500.306 -621.8842 3655.739 0.7 2.5 56.1
C 0 37093 65350 6753.856 -1587.012 7488.139 9 5.2 100
C 0 0 928 6113.992 -1796.44 7521.626 0 1 5
D 750 48208 4091 2761.93 -627.21 4164.19 0 1 -18
D 115 48391 6912 2047.41 -931.42 3382.49 0.7 0.5 -13.9
D 0 1950 4608 2537.38 -945.21 3962.45 -3 2 -18.6
E 0 63255 0 5829.75 -1781.95 7475.82 1.8 1 1.8
E 0 0 0 6753.157 -2014.8 7627.87 2 1.3 1.5
E 0 11207 0 1779.58 -804.95 2931.46 1.8 1 1.8
E 0 59069 0 8486.56 -863.73 8651.77 2 1.4 2
E 0 62720 1 90.52559 -814.88 1551.129 2 2 0.55
E 0 28246 0 11044.14 -1823.8 11028.91 2 1 2
E 0 26924 0 5955.48 -1781.95 7620.09 1.7 1 1.7
F 0 8192 176 8313.274 -547.0001 7630.225 0 0 0
F 0 16384 176 8399.986 -528.0001 7471.402 0 0 0
F 0 49152 160 6439.998 -1580 7540.005 0 -0.2 0
F 0 512 288 6174.57 -1845.44 7433.31 6 0 40
F 0 64098 0 6724.795 -1876.763 7681.469 0 -0.3 0
F 0 16384 56064 2873.65 -801.9991 3912.769 0 -0.2 0
F 0 64098 0 6805.767 -1938.763 7768.517 0 -0.3 0
F 0 0 208 8283.319 -205.0041 7701.35 7 0 10
F 0 26624 0 10904.69 -2072 10999.41 0 -0.2 0
F 0 512 288 6144.57 -1865.44 7418.31 6 0 25
F 0 40960 0 10790.34 -1943 11136.69 0 -0.4 0
F 0 0 0 8235.319 -172.6541 7764.35 0 0 0
F 0 34816 0 10761.58 -2208 11087.34 0 -0.1 0
F 0 64000 208 6318.363 -1769.44 7443.237 10 0 30
F 0 22528 176 8420.017 -450.0001 7602.372 0 -0.2 0
F 0 53248 160 6281.245 -1742.44 7609.079 0 0 0
F 0 9802 0 8314.378 -376.6541 7536.359 0 0 0
F 0 40960 0 10806.2 -2051 11217.97 0 -0.2 0
10 0 49152 0 9995.97 -2366 11041.06 550 0 0
12 0 39323 0 4560.55 -595.04 5296.79 1 1 1
12 0 24407 0 4625.08 -595.04 5229.51 1 1 1
12 0 48169 0 8207.28 6 7862.08 7 1 1
12 0 6467 0 4637.44 -850.01 5130.65 1 1 1
13 0 49152 5 8511.005 -2319.998 8455.002 2730 5.400002 1400
14 0 26564 0 4751.92 -595.03 5259.33 4 1 1
14 0 52670 0 4583.954 -594.73 5221.615 9 1 1
14 0 41338 0 -92.37 -829.99 1762.96 4 1 1
14 0 55915 65350 6448.09 -1677.118 7599.065 7 0 0
14 0 33265 0 2079.675 -638 3702.718 7 0 0
14 730 0 0 2697.758 -680.02 3945.254 1 1 1
14 0 25066 0 20.61 -829.99 1810.18 4 1 1
14 750 49956 61451 2825.028 -638.0997 3900.186 7 0 0
14 0 7614 0 4724.04 -594.73 5315.12 9 1 1
14 0 51872 0 1818.2 -834.99 2881.06 4 1 1
14 0 40503 0 1755.49 -834.99 2859.19 4 1 1
14 9391 30173 927 38.62 -161 1.9 15 1 1
14 64036 2150 64967 2413.64 -935.9 3932.538 7 1 1
14 8192 4096 0 -30.11235 -966.3696 2065.014 16 1 1
14 61382 6284 62981 4666.2 -623.17 5897.39 8 1 1
14 1009 49884 59344 6800.624 -1785.3 7509.912 9 0 0
14 0 29404 65328 6940.795 -1826.576 7516.591 9 0 0
14 4096 30814 0 8289.769 -728.5853 7678.542 14 1 1
14 4563 15521 65254 8482.11 -948.65 9516 7 1 1
14 0 61440 0 638.3526 -1236.57 3005.386 3 1 1
14 0 730 0 8469.98 -135.08 7388.25 15 1 1
14 0 25692 0 2097.422 -683 3613.021 4 1 1
14 2242 48291 2961 2078.292 -809.6093 3012.531 7 1 1
14 2538 24186 7970 982.35 -1030.72 2935.9 3 1 1
14 0 17502 58809 6672.784 -1739.655 7581.285 9 0 0
14 6858 49117 3157 -9.47 -840.93 1888.21 3 1 1
14 0 12796 0 4653.67 -595.03 5265.12 4 1 1
14 0 50376 61440 8274.503 7.499999 7858.643 7 1 1
14 61723 37917 9805 923.41 -1089.61 2987.49 3 1 1
14 758 20480 65531 2823.137 -681.0868 3988.702 4 1 1
14 8449 57087 0 -10.86 -1043.94 2092.97 3 1 1
14 65353 19622 62963 -60.06005 -1088.7 2175.494 3 1 1
14 758 12288 65531 2829.434 -681.0868 4024.34 4 1 1
14 2025 35337 64718 2025.28 -868.53 3750.87 5 1 1
14 62615 2608 0 8241.06 -1150.86 9962.4 14 1 1
14 61952 29163 0 8159.289 -24.11 7837.788 7 1 1
14 65438 15834 35 4546.171 -849.55 5051.196 9 1 1
14 0 54949 0 8489.304 185.5755 8508.722 12 0 0
14 0 50270 64061 6579.458 -1687.774 7574.641 9 0 0
14 730 16896 0 2699.733 -683.9191 4005.643 1 1 1
14 0 63362 61677 3299.533 -452.0301 4567.176 6 0 0
14 3072 47173 65024 8193.643 -1399.722 8046.847 7 0 0
14 64284 12288 0 4032.794 -923.9614 4640.063 15 1 1
14 0 46174 60776 6612.986 -1703.181 7506.614 9 0 0
14 65280 47467 60486 6440.987 -1840.118 7517.138 7 0 0
14 60575 7376 6321 931.42 -930.21 2882.65 7 1 1
14 1434 50577 0 2083.514 -841.9146 3063.165 7 1 1
14 0 16384 0 7273.964 -1452.466 7761.539 12 0 0
14 0 20587 65350 6491.37 -1677.88 7591.21 9 0 0
14 0 7253 0 4517.819 -850 5049.189 4 1 1
14 62720 34285 63744 6559.87 -1686.512 7486.905 6 -1.490116E-08 0
14 0 45405 0 2872.24 -277.44 4560.63 5 1 1
14 0 21434 0 4687.943 -850 5231.019 8 1 1
14 0 19565 0 4534.663 -595 5231.869 8 1 1
14 2352 158 64313 2689.71 -678.34 3852.4 15 0 0
14 2130 50842 64444 2724.29 -649.15 3734.54 6 1 1
14 3873 47299 0 2085.034 -966.4418 3228.958 6 0 0
14 0 61260 0 1194.22 -954.48 2920.83 1 1 1
14 0 0 64910 8335.34 -1827.41 10921.32 1 1 1
14 0 49020 1382 1117.013 -965.6095 2997.781 6 1 1
14 0 21212 64180 6868.317 -1821.271 7580.576 9 0 0
14 0 15806 0 4683.453 -594.73 5339.837 9 1 1
14 0 24934 0 4675.085 -596.02 5378.262 8 1 1
14 0 44141 0 4609.123 -595 5202.956 8 1 1
14 0 34592 60343 6741.459 -1783.094 7508.488 9 1 1
14 4210 0 1792 -47.01752 -202.509 58.28067 15 1 1
14 3840 61873 0 4473.126 -859.0038 4889.119 7 0 0
14 7282 0 0 -47.80952 -351.51 205.8817 15 1 1
14 0 40887 0 1221.35 -954.21 2992.2 3 1 1
14 601 34302 6734 29.35739 25.24445 -177.5197 1 0 0
14 60574 21019 55677 2703.13 -243.55 4308.26 1 1 1
14 7566 46590 60523 -11.34844 -41.97228 -136.1458 1 0 0
14 2418 32703 65519 36.42354 -756.4434 1837.245 3 1 1
14 0 5214 60776 6641.08 -1716.976 7494.081 9 0 0
14 64103 60023 62908 2803.223 -425.1622 4154.102 7 0 0
14 59940 62566 58567 2303.904 -959.9 3961.502 7 1 1
14 0 28928 0 4637.84 -553.39 5378.75 16 1 1
14 0 2190 0 3911.89 -577.38 4805.87 7 1 1
14 0 38912 0 5991.584 -2024.97 7651.917 12 1 1
14 0 21099 65350 6446.883 -1677.453 7484.74 9 0 0
14 0 34252 65519 83.77498 -751.0668 1703.269 4 0 0
14 61440 51835 0 4671.81 -855.3992 5017.525 8 1 1
14 750 30817 0 2745.9 -685.68 4042.3 6 1 1
14 4028 24112 172 8208.02 -1735.49 10843.56 14 1 1
14 5662 54769 0 2030.11 -958.29 3215.86 7 1 1
14 0 50516 63554 2073.81 -924.92 3766.96 7 1 1
14 0 34201 0 4501.122 -921.98 4901.432 8 1 1
14 0 41176 0 10887.93 -2032 11002.2 7 1 1
14 61028 43395 57349 3481.297 -601.492 4623.158 6 0 0
14 65115 41266 0 4654.46 -594.85 5617.68 8 1 1
14 2413 28259 0 85.02 -784.6829 1955.121 4 0 0
14 6688 18918 64255 -62.93 -930.15 1979 3 1 1
14 1039 15432 95 802.52 -937.35 2582.53 15 1 1
14 0 59486 0 8236.94 -738.38 7845.58 14 1 1
14 0 14660 60776 6635.36 -1714.17 7576.81 9 1 1
14 0 3427 0 1745.427 -835 2888.616 9 1 1
14 0 45056 0 2154.701 -683 3612.973 4 1 1
14 63256 26789 56721 7242.328 -1742.522 7849.995 8 0 0
14 53533 61798 1615 4703.708 -540.306 5364.434 8 1 1
14 61696 14288 0 827.0137 -933.7996 2874.297 1 0 0
14 0 27015 0 2703.59 -292.97 4303.77 6 1 1
14 750 53028 60683 2838.156 -642.0997 4054.547 7 0 0
14 750 7972 1536 2846.724 -661.659 4039.691 12 0 0
14 4749 51712 1463 31.25113 9.511769 -145.7014 7 0 0
14 4096 34018 0 4711.054 -630.3999 5241.445 7 0 0
14 10538 40256 6314 8198.93 -1543.45 9970.19 6 1 1
14 58983 60581 65238 2621.772 -623.8229 3648.449 7 0 0
14 1127 35338 65212 2778.01 -300.47 4329.88 4 1 1
14 64284 49152 0 3962.444 -929.9614 4562.274 15 1 1
14 0 49152 0 8269.443 -2122 7737.858 6 1 1
14 0 3931 0 4657.832 -595 5296.313 9 1 1
14 0 22784 0 4544.562 -673 5183.392 7 1 1
14 5044 22852 62628 6677.95 -1745.77 7493.77 7 1 1
14 0 0 0 1985.47 -683 3642.63 4 1 1
14 9391 30173 927 42.81 -40.18 -119.49 15 1 1
14 63781 27739 64199 2185.401 -903.2228 3998.082 7 1 1
14 750 49956 61451 2827.485 -661.0997 3929.06 7 0 0
14 0 45163 64061 6556.41 -1684.49 7526.71 9 0 0
14 0 32804 0 8239.826 -727.4004 7678.002 7 0 0
14 8192 32512 1280 2478.36 -658.0018 3680.802 7 1 1
14 0 107 60343 6725.9 -1774.63 7579.67 9 0 0
14 0 33643 65350 6509.03 -1678.016 7518.133 9 0 0
14 0 63620 0 1859.05 -797 2861.129 7 1 1
14 64545 48603 62464 8538.03 -834.93 9247.36 7 1 1
14 584 61197 64781 2104 -636.71 3610.98 14 1 1
14 0 23293 0 622.06 -841 2815.15 12 1 1
14 0 2234 0 6876.066 -1610 7558.947 9 0.2 0
14 2413 24163 0 80.68649 -773.7591 1909.178 4 0 0
14 0 41268 0 4654.62 -595 5467.18 21 1 1
14 0 2190 0 109.88 -1109.07 2876.75 16 1 1
14 0 46850 0 8295.205 -503.5539 7628.15 14 1 1
14 65108 1771 416 3003.36 -297.72 4541.03 14 1 1
14 61440 57252 61440 8381.48 -2122 8075.801 7 0 0
14 758 16384 65531 2726.269 -681.3867 3983.903 4 1 1
14 5755 151 0 4639.01 -658.35 5918.05 16 1 1
14 0 45364 0 4655.4 -595 5568.66 21 1 1
14 0 45315 0 8271.635 -2122 7939.896 6 1 1
14 0 197 0 4637.48 -559.92 5609.08 16 1 1
14 61782 60478 10370 4687.237 -857.7038 4970.483 8 1 1
14 592 48307 59631 2767.85 -306 4393.59 7 1 1
14 0 31846 0 4645.01 -922.33 5008.254 6 1 1
14 2418 20998 65519 39.9901 -761.7627 1858.055 4 0 0
14 65438 24026 35 4585.229 -849.55 5086.62 9 1 1
14 62980 50762 64828 8536.05 -156.01 7331.2 6 1 1
14 0 45059 0 4633.311 -922.94 4901.127 8 1 1
14 0 33643 65350 6515.042 -1677.88 7563.785 9 0 0
14 63017 6255 62116 6603.11 -1697.7 7591.78 7 1 1
14 3943 59511 63932 2729.29 -412.1622 4132.98 7 0 0
14 750 49956 61451 2819.87 -663.1992 3859.04 7 0 0
14 0 11575 0 8248.589 -2122 7977.341 4 0 0
14 0 26981 0 4694.596 -595.03 5358.46 4 1 1
14 0 11710 0 4557.317 -594.73 5253.969 9 1 1
14 0 43528 0 -85.92 -859.99 1385.74 4 1 1
14 0 4068 0 4521.72 -849.97 5166.8 4 1 1
14 65438 60890 35 4520.818 -849.55 5089.481 9 1 1
14 0 41513 0 1067.51 -970.55 2987.53 3 1 1
14 58880 2742 4864 4557.576 -588.8702 4928.753 7 0 0
14 7282 0 0 -43.55 -91.34 -70.73 15 1 1
14 8232 7218 0 4621.985 -556.4307 5613.579 7 0 0
14 4082 35372 11946 21.9046 -67.00774 -95.34354 1 0 0
14 0 41129 0 908.89 -597.98 2638.32 7 1 1
14 3472 64574 7442 4752.462 -849.2207 5048.554 8 1 1
14 0 41219 0 4687.752 -922.94 4923.968 8 1 1
14 758 54877 65525 2524.341 -743.6989 4079.298 7 1 1
14 0 22885 0 4750.811 -849.97 5231.57 4 1 1
14 814 53093 64158 8339.846 -1247.28 8052.156 6 1 1
14 1395 27862 3072 2027.43 -970.92 3293.83 6 1 1
14 0 65431 0 8210.3 -731.1005 7760.47 12 1 1
14 328 48031 1310 9.550024 -1089 2444.207 3 1 1
14 8344 0 0 8513.22 -1049.3 9641.16 16 1 1
14 0 49152 0 3251.5 -431.33 4555.49 15 1 1
14 57344 42240 62720 8504.225 195.5745 8513.921 8 0 0
14 1140 13343 1982 2020.375 -834.6749 2974.865 7 1 1
14 0 29547 64061 6539.781 -1681.697 7504.381 9 0 0
14 0 48439 61440 8178.026 -2123.985 7981.653 7 0 0
14 0 0 0 11117.12 -1854.66 11096.76 8 1 1
14 0 16491 64061 6547.54 -1683.23 7579.38 9 0 0
14 61440 44821 61440 4754.777 -850 5130.452 7 0 0
14 0 13909 0 4530.09 -922 5005.228 4 1 1
14 0 10326 0 4596.52 -849.55 5157.05 9 1 1
14 3578 17226 53998 -29.1494 12.02014 -159.0807 1 0 0
14 506 28737 63300 2933.165 -316.4665 4615.743 7 0 0
14 842 7078 63769 2999.16 -359.44 4611.15 1 1 1
14 0 18494 64990 3837.45 -713.04 4844.84 12 0 0
14 57289 37611 64101 1979.62 -685.4 3578.21 1 1 1
14 0 32379 60776 6596.816 -1695.241 7552.018 9 0 0
14 962 51325 60607 85.09176 -750.94 1716.782 7 1 1
14 64416 7232 126 8493.47 -881.88 9002.56 8 1 1
14 0 43264 0 4539.472 -784 5184.012 12 0 0
14 0 38104 0 10900.27 -1854 11090.69 4 1 1
14 0 47467 0 6396.711 -1845.217 7551.564 4 0 0
14 0 8500 0 4617.19 -595 5531.93 21 1 1
14 0 10372 0 4180.45 -936.2994 4944.409 15 1 1
14 9391 30173 927 45.77675 -282 145.6287 15 1 1
14 65009 61459 62949 2999.712 -359.97 4545.975 6 1 1
14 0 11265 0 11117.58 -1854 11020.15 4 1 1
14 61440 57835 4096 8182.131 -46.59996 7803.022 8 1 1
14 61990 63763 0 8251.08 -1388.19 9963.28 14 1 1
14 750 50468 64779 2829.928 -642.0997 3976.28 7 0 0
14 0 64481 0 4467.879 -922 4976.218 8 1 1
14 0 12646 0 4561.521 -596.02 5369.593 8 1 1
14 0 61364 0 4598.55 -596.02 5307.5 8 1 1
14 0 48412 64310 24.74365 -106.48 -31.2807 6 1 1
14 56605 57702 1615 4611.787 -518.306 5377.499 8 1 1
14 2174 32688 0 8527.01 -1147.45 9770.79 7 1 1
14 0 47283 0 1722.44 -834.99 2868.42 4 1 1
14 0 0 0 11241.61 -1854.66 11076.02 8 1 1
14 0 18005 0 4581.548 -922 5013.608 4 1 1
14 64685 19390 62739 -53.79 -1090 2312.7 3 1 1
14 62180 39052 0 4650.724 -822.1376 6126.768 8 1 1
14 0 47283 0 1230.33 -953.98 2978.28 4 1 1
14 0 60727 0 8181.759 -2121.986 7759.511 8 0 0
14 62608 62820 63829 7169.59 -1792.32 7512.9 7 1 1
14 0 16204 0 1247.254 -954 2950.842 9.2 1 1
14 0 33723 0 2792.734 -262.93 4486.628 5 1 1
14 1075 34 62934 41.1 -799.8 2060.89 1 1 1
14 65440 48863 520 -10.42444 -1089.79 2218.325 3 1 1
14 2413 23931 0 86.23978 -770.4774 1895.707 3 1 1
14 64929 9893 0 8556.467 187.7742 8550.011 15 0 0
14 0 16204 64512 1261.592 -955.4797 2853.723 1 0 0
14 263 2025 2580 8200.8 -4.27 8012.83 15 1 1
14 6589 14748 1150 4605.83 -973.55 6206.4 7 1 1
14 366 36225 64435 2422.582 -967.15 4024.4 6 1 1
14 0 43111 0 8274.04 -726.45 7757.78 6 1 1
14 0 62351 0 -24.45697 -1054.601 2343.662 16 0 0
14 0 0 0 11161.67 -1854.66 11027.63 8 1 1
14 8639 18134 59665 -28.53 -284.92 133.64 6 1 1
14 0 28741 6912 8227.63 -1412.722 8021.875 12 0 0
14 63131 51843 2957 4711.86 -632.08 5162.86 8 1 1
14 0 30594 61677 3213.29 -410.13 4622.29 6 1 1
14 479 6255 23 4156 -929.13 4880.08 7 1 1
14 0 26564 0 4710.29 -595.03 5336.55 4 1 1
14 0 27197 0 4538.981 -557.9983 5373.171 7 0 0
14 0 18045 0 4558.46 -922.94 4994.795 8 1 1
14 1093 83 57344 3638.24 -750.71 4562.15 7 0 0
14 0 22852 58809 6663.02 -1732.31 7506.14 9 1 1
14 842 7078 63769 3119.286 -376.6401 4563.117 1 1 1
14 8192 24576 0 -31.85508 -894.3696 1992.695 16 1 1
14 59 257 4729 8784.27 -109.28 7911.41 15 1 1
14 1585 38270 922 14.90494 -1063.98 2668.302 16 0 0
14 0 51559 0 5917.75 -2072.97 7627.72 8 1 1
14 7936 16384 61440 -30.90724 -41.34898 -95.13623 7 0 0
14 0 49077 0 8529.25 -898.12 8823.22 8 1 1
14 60947 2086 0 8209.51 -1274.08 9963.53 14 1 1
14 0 30976 0 4590.985 -621 5180.368 7 1 1
14 0 16384 57275 3548.78 -634.3 4594.22 16 1 1
14 0 65190 0 4753.94 -595.03 5302.31 4 1 1
14 63984 15872 61496 149.16 -861.75 2381.56 1 0 0
14 1568 59408 6773 852.75 -1160.45 2933.6 3 1 1
14 6739 9074 61440 2082.087 -911.5778 3151.563 1 1 1
14 1416 41442 64833 2106.32 -871.51 3909.38 5 1 1
14 0 2190 0 1235.93 -953.98 2862.14 4 1 1
14 0 60425 0 53.05 -859.99 1478.45 4 1 1
14 0 15887 5320 1019.14 -946.45 2959.69 16 1 1
14 61758 20998 741 675.34 -578.56 2701.56 7 1 1
14 0 24266 0 4417.043 -867.0135 4984.722 7 0 0
14 9285 5224 57344 3545.876 -668.188 4564 1 0 0
14 477 7376 23 931.0589 -929.3256 2826.135 1 0 0
14 0 28206 1548 28.25065 -830.7101 1663.941 4 1 1
14 7054 41116 56939 -19.30344 -97.1887 -74.9846 1 0 0
14 0 61677 63554 2210.08 -943.59 3934.85 7 1 1
14 0 29291 65350 6358.646 -1844.653 7561.277 9 0 0
14 64768 48497 64512 4485.25 -813.02 4956.07 5 0 0
14 0 793 0 4603.44 -594.73 5354.16 9 1 1
14 0 30978 0 5993.82 -2073.02 7620.24 8 1 1
14 0 0 0 11066.72 -1854 11108.95 4 1 1
14 2266 26789 54693 7203.137 -1687.005 7765.176 8 0 0
14 5059 23974 3256 249.85 -896.59 2474.32 7 0 0
14 3329 15606 244 8495.5 -847.16 9306.74 6 1 1
14 58129 48808 60482 4151.31 -591.96 4696.28 7 1 1
14 0 16384 57296 3689.44 -773.6 4590.87 16 1 1
14 0 2190 0 -90.98 -829.99 1803.7 4 1 1
14 0 9700 0 595.97 -1236.57 3006.97 3 1 1
14 0 16421 0 5990.829 -2001.978 7436.33 12 1 1
14 2030 52389 62146 2804.68 -623.6754 3825.433 7 0 0
14 0 11575 0 8221.421 -2121.986 8027.275 8 0 0
14 0 64311 0 8212.399 -2122 7882.032 4 0 0
14 0 55653 0 4680.462 -849.97 5173.405 4 1 1
14 5298 28603 1695 874.0022 -929.5305 2822.913 7 1 1
14 65367 50084 63666 8836.93 -66.66 7801.12 14 1 1
14 1438 26754 930 8306.726 1.61 8161.489 14 1 1
14 0 39269 0 4753.733 -849.97 5177.793 4 1 1
14 0 19902 0 4749.6 -595 5242.771 9 1 1
14 0 36027 0 2739.208 -238.8302 4360.921 5 1 1
14 61885 42827 64146 2079.1 -683.51 3592.52 1 1 1
14 0 2145 0 2067.362 -641.1207 3712.264 12 1 1
14 0 19565 0 4526.418 -595 5181.916 6 0 0
14 0 3518 0 4619.814 -594.73 5268.203 9 1 1
14 0 17500 0 2099.793 -683 3698.199 4 1 1
14 65389 49876 64289 2126.06 -617.85 3655.38 5 1 1
14 0 29222 0 4502.52 -923.33 5003.71 6 1 1
14 65153 7726 64869 23.17 -830.56 1777.83 4 1 1
14 0 35173 0 4726.191 -849.97 5192.458 4 1 1
14 0 9563 0 4613.09 -595.03 5383.17 4 1 1
14 61440 62679 0 4470.97 -922 4889.674 7 0 0
14 63488 47173 64768 8254.043 -1407.121 7965.162 8 0 0
14 65389 49876 64289 2358.44 -617.85 3651.05 5 1 1
14 0 22081 0 4726.502 -596.02 5276.654 8 1 1
14 0 0 63763 8511.05 -791.64 9199.37 16 1 1
14 61440 60896 1341 2492.93 -652.58 3608.99 7 1 1
14 1703 33241 205 2325.6 -897.96 4026.12 14 1 1
14 107 32382 62722 8555.43 113.14 8225.79 15 1 1
14 845 31525 1512 3900.88 -591.23 4762.68 7 1 1
14 7775 52917 54852 915.03 -585.01 2691.2 7 1 1
14 62976 10552 0 4111.23 -937 4936.23 1 0 0
14 525 18265 62641 3127.769 -391.7 4626.261 15 1 1
14 0 0 0 4553.11 -922.97 4883.08 6 1 1
14 467 23696 5861 4020.74 -930.54 4872.73 7 0 0
14 61952 25067 0 8214.793 -10.11 7840.815 7 1 1
14 0 6363 0 10946.03 -1854 11105.5 4 1 1
14 61811 10966 6400 2090.723 -964.96 3273.456 7 1 1
14 1520 49844 616 379.31 -1167.16 2962.56 16 1 1
14 0 49259 60776 6593.89 -1693.8 7489.99 9 0 0
14 0 47158 57345 3758.135 -882.0914 4620.08 6 0 0
14 0 41963 0 8261.23 -44.11 7824.82 6 1 1
14 0 60079 0 4574.09 -595.03 5345.03 4 1 1
14 7282 24576 63744 38.99361 -380.51 230.0672 15 1 1
14 0 24079 0 4609.533 -850 5182.305 6 0 0
14 1972 17438 65337 7259.74 -1808.53 7576.95 15 1 1
14 0 33790 0 4427.448 -922 4980.865 6 0 0
14 0 0 0 0.71 -1053.89 2513.36 16 1 1
14 0 46913 64512 10878.17 -2189.768 10978.73 6.999996 1 1
14 1804 62570 63348 320.8 -1203.4 2935.58 3 1 1
14 3328 9427 0 216.8209 -1178.617 2912.354 3 1 1
14 0 46448 0 6002.99 -2074.51 7447.07 8 1 1
14 0 39551 0 80.96385 -747.7684 1634.378 7 0 0
14 0 1040 62628 6794.12 -1784.21 7579.952 7 1 1
14 0 21964 65519 86.70119 -751.0668 1791.73 4 0 0
14 0 48097 0 4429.22 -922 4916.94 8 1 1
14 25344 53679 28928 8316.844 -335.3458 7552.809 15 1 1
14 6875 32129 64780 2281.61 -680.17 3696.8 7 1 1
14 818 33307 215 2701.501 -230.901 4364.687 7 0 0
14 0 23683 0 48.34 -859.99 1439.44 4 1 1
14 25 54313 63213 8291.93 -1261.87 8042.64 14 1 1
14 0 46657 0 4673.57 -596.02 5243.93 8 1 1
14 4861 7728 3059 8219.29 -1778.72 10800.33 8 1 1
14 0 7614 0 4688.05 -849.55 5139.57 9 1 1
14 62656 57505 9160 4751.063 -798.4603 5171.808 8 1 1
14 1901 51165 0 39.11 -1107.665 2678.3 3 1 1
14 0 62782 0 4657.2 -849.55 5042.9 9 1 1
14 0 26219 64061 6518.429 -1679.083 7490.258 9 -0.1 0
14 65438 11738 35 4560.752 -849.55 5123.909 9 1 1
14 63335 32274 188 2781.947 -238.6329 4329.165 2 0 0
14 0 39485 0 4665.821 -542.9993 5393.842 7 0 0
14 0 34637 0 2064.49 -684.31 3701.74 6 1 1
14 58880 28069 0 4670.293 -595 5181.568 7 0 0
14 61772 51513 63396 2265.31 -949.27 4011.01 1 1 1
14 0 8782 0 2722.42 -574.12 3715.43 12 1 1
14 3072 979 64464 525.9383 -1231.217 2932.655 3 1 1
14 7927 0 0 4636.54 -733.22 5984.68 16 1 1
14 60211 48333 64269 7196.49 -1796.06 7573.33 8 1 1
14 2083 52820 56596 2636.15 -641.05 3748.42 7 0 0
14 65005 65023 65093 1702.446 -784.84 2857.151 7 1 1
14 62342 4854 64551 8163.34 -1466.18 9963.06 14 1 1
14 7499 32097 442 8477.12 -895.07 8899.42 7 1 1
14 0 64597 0 4579.88 -850 5120.16 4 1 1
14 0 63674 0 6914.439 -1610 7529.266 9 0.2 0
14 30 19434 100 8179.49 3.77 7894.96 6 1 1
14 65438 7642 35 4614.594 -849.55 5061.234 9 1 1
14 767 2547 60416 -28.02 -136.47 1.46 1 1 1
14 0 41129 0 2002.91 -683 3665.05 4 1 1
14 8807 10807 2266 7362.17 -1791.84 7523.77 8 1 1
14 730 63784 0 2714.08 -684.7 4035.75 4 1 1
14 65438 3546 35 4646.91 -849.55 5101.52 9 1 1
14 0 0 1252 8514.25 -849.17 8820.64 16 1 1
14 3368 5514 4532 744.79 -931.8 2509.32 1 1 1
14 0 33884 0 2060.42 -683 3606.999 4 1 1
14 5936 59532 9143 4612.475 -685.9656 5982.197 8 1 1
14 0 60079 0 4627.48 -595.03 5295.34 4 1 1
14 5376 14257 4096 30.67958 -253.3412 116.7247 1 1 1
14 0 14394 0 4576.24 -849.97 5174.68 4 1 1
15 0 51375 0 4572.563 -583.8702 4914.201 9 0 0
15 37368 4096 36864 8459.958 -341.4976 8553.327 8 0 0
15 0 45416 0 8301.65 -1244 8010.2 8 1 1
15 0 45092 0 5463.67 -2104.15 7301.04 14 1 1
15 6674 58950 61808 7769.52 -1796.08 7834.73 6 1 1
15 0 0 0 -30.04 -796.57 1864.44 16 1 1
15 2816 33687 0 6222.204 -1728.44 7487.979 8 1 1
15 0 40261 0 345.3228 -836.1628 2525.403 5 0 0
15 0 51036 61440 5917.81 -1812 7453.8 7 1 1
15 0 10326 0 8164.17 -1723.41 10640.75 1 1 1
15 8134 37821 9733 31.23937 -815.9855 681.4247 1 0 0
15 60307 62436 62814 9405.7 -1923.72 11030.38 7 1 1
15 0 38400 64180 6854.375 -1819.447 7517.088 8 0 0
15 0 59624 0 8512.078 -949.7397 8518.303 12 0 0
15 0 39087 0 4552.878 -588.8702 4962.607 9 0 0
15 8192 28610 61440 4679.022 -1208.888 6462.683 15 0 0
15 4096 43226 61440 11068.54 -1854 10989.46 7 0 0
15 0 28791 61440 8514.554 -1168.211 8367.43 1 1.490116E-08 2.235174E-08
15 3528 31680 362 5059.42 -2072.87 7452.49 14 1 1
15 0 32190 0 5910.198 -1811.74 7572.478 9 1 1
15 1274 40086 8 8546.05 -85.883 7611.82 7 0 0
15 7585 42661 0 8587.043 28.77417 8466.565 7 0 0
15 1972 19211 65337 7982.54 -1797.83 7909.59 15 1 1
15 193 44187 1391 4373.5 -894.88 5065.12 13 1 1
15 4096 18607 0 4596.702 -590.4698 4996.187 8 0 0
15 3053 9510 6189 6706.78 -2051.53 7670.41 8 1 1
15 393 16632 731 8282.92 -5.845191 8035.587 8 0 0
15 58810 33266 1552 5121.475 -2016.979 7480.917 7 1 1
15 29176 4096 32768 8562.809 -337.998 8553.794 14 1 1
15 1551 17558 1643 8107.85 -1667.28 10587.9 14 1 1
15 0 4096 58809 6695.236 -1756.545 7567.021 4 0 0
15 4096 47439 0 11061.66 -1730.72 11045.98 2 1.490116E-08 1.490116E-08
15 5521 15494 291 4411.68 -818.98 5010.1 8 1 1
15 0 1843 0 4060.84 -517 4356.84 0 0 0
15 0 31792 0 29.76667 -860.6 1622.661 6 1 1
15 63462 20992 60636 8480.457 -89.81101 7595.471 8 0 0
15 64159 43558 57455 8253.737 -1798.41 7843.549 7 1 1
15 62064 44414 0 159.4698 -966.4569 1108.823 11 0 0
15 62526 40025 426 16.89596 -398.27 318.929 1 1 1
15 58870 13588 946 8443.94 -1310.07 10225.2 7 1 1
15 0 4026 0 54.93181 -738.46 1988.386 16 1 1
15 3963 23714 35 18.77213 -754.8518 674.7935 7 1 1
15 768 49797 0 10943.97 -2240 11112.72 11 1.490116E-08 1.490116E-08
15 0 20708 0 8249.27 -727 7835.09 8 1 1
15 1024 4924 64256 6018.718 -1884.999 7553.601 7 1 1
15 0 39335 0 34.72 -883.68 825.28 6 1 1
15 65434 39650 2109 2530.54 -590.36 3698.31 12 1 1
15 65418 547 8540 4380.73 -820.68 4884.85 8 1 1
15 1352 54120 5180 2031.621 -868.8839 3011.908 1 1 1
15 0 26160 0 10880.33 -1853.63 11031.48 9 1 1
15 0 6144 0 8575.768 15.21734 8423.446 12 0 0
15 0 24832 0 13.6542 -859.99 1568.829 4 1 1
15 5701 25304 2924 6177.55 -1731.93 7492.487 8 1 1
15 2399 28672 0 8555.724 -833.44 9348.168 15 1 1
15 65313 18240 64304 8822.174 -1915.681 11095 15 1 1
15 3667 24475 3576 4834.18 -2031.9 7356.41 7 1 1
15 0 64989 0 5863.589 -1812 7667.968 1 1 1
15 0 56357 0 -90.98 -859.99 1590.71 4 1 1
15 0 19626 0 -92.54044 -789.9998 1632.366 14 0 0
15 0 15491 0 87.74893 -859.99 1384.951 4 1 1
15 4421 39711 0 9295.243 -1915.569 11028.22 1 1 1
15 2084 43924 64967 2575.038 -970.1785 4072.042 13 0 0
15 188 41725 62464 1390.51 -990.51 3124.22 13 1 1
15 7301 17940 0 7976.38 -1791.82 7836.5 8 1 1
15 0 35649 0 5946.311 -1812.14 7477.428 4 1 1
15 1792 44918 62464 1514.34 -956.0319 2972.911 7 1 1
15 4096 40943 0 -107.6355 -863.4991 1292.177 7 0 0
15 56421 39330 64770 7724.37 -1791.82 7899.85 8 1 1
15 0 51399 0 5866.233 -1813.04 7525.167 8 1 1
15 1872 2305 8755 4378.04 -820.54 4973.56 8 1 1
15 63524 52116 62407 2696.269 -935.1785 3928.207 13 0 0
15 0 45056 61184 38.75833 -862 1268.719 7 1 1
15 40 19506 0 4616.313 -595.131 5660.414 6 0 0
15 2310 45950 5241 5539.84 -2145.9 7138.08 7 1 1
15 63497 13453 6178 100.66 -822.59 2194.88 7 1 1
15 4806 5902 6405 8543.26 -1291.06 9863.5 8 1 1
15 4096 62289 12288 8543.376 -1014.08 9581.638 8 0 0
15 0 54584 0 -55.14 -859.99 1345.93 4 1 1
15 0 33280 0 -32.33615 -755.1007 1824.732 5 0 0
15 0 23998 0 5917.263 -1811.74 7659.324 9 1 1
15 3470 26541 64619 -30.58747 -552.8817 406.2473 6 0 0
15 2241 24064 2048 1887.539 -955.7 3633.087 13 1 1
15 0 7614 0 5889.62 -1811.74 7650.28 9 1 1
15 8031 32768 0 -0.1901817 -484.2817 375.7994 16 1 1
15 0 8678 0 11079.4 -1795.32 11132.31 12 1 1
15 5189 30366 0 9221.2 -1915.317 11028.71 8 0 0
15 62720 63189 0 8279.561 -1799.901 7973.412 7 0 0
15 0 29830 0 -95.82565 -861.6996 1624.631 6 0 0
15 61341 2469 3338 8494.649 -860.5103 9495.722 8 0 0
15 0 47279 0 4616.405 -583.8702 4926.092 8 0 0
15 0 23550 0 11074.6 -1853.63 11083.33 9 1 1
15 64419 18796 61412 4616.13 -1630.24 6882.86 7 1 1
15 0 44032 64512 159.274 -836.4691 2168.591 11 1 1
15 0 56874 211 9028.23 -137.42 7298.68 0 1 1
15 0 57922 0 8775.08 -36.43 8131.99 12 1 1
15 7823 0 0 4637.25 -1368.39 6623.6 16 1 1
15 4352 28672 0 4676.887 -777.4403 6041.883 15 0 0
15 59690 17699 64710 8484.934 -82.50785 7633.689 7 0 0
15 2021 43619 0 4.27669 -835.7905 1636.931 7 1 1
15 62949 12071 0 8480.403 -810.7152 9199.698 7 0 0
15 3583 47504 64768 4668.01 -766.6 5998.98 7 0 0
15 65024 57477 768 11074.04 -2238 10935.52 11 1.490116E-08 1.490116E-08
15 0 52328 0 8297.95 -727 7687.01 8 1 1
15 62205 14910 65429 10871.62 -1854.66 11006.87 8 1 1
15 2194 18250 4543 4670.77 -1868.67 7177.54 7 1 1
15 2582 52071 5365 10845.63 -1852.9 11106.82 7 1 1
15 1493 45569 3768 6955.388 -1764.51 7496.65 2 1 1
15 1735 314 61643 8628.69 -73.17 8171.69 6 1 1
15 0 0 0 11034.17 -1854.66 11124.41 8 1 1
15 60614 16286 910 8517.43 -16.66 8246.78 15 1 1
15 6589 47220 1150 4665.03 -1263.87 6494.74 7 1 1
15 0 52497 0 11074.57 -1632 11122.22 2 1 1
15 134 55273 0 9014.381 -60.03133 8156.581 0 0 0
15 1024 52736 63744 10789.44 -2020.549 11217.57 6.999996 1 1
15 60032 14466 60411 8485.134 -126.033 7436.655 8 0 0
15 64086 14982 61337 8788.95 -109.48 7632.23 6 1 1
15 0 16392 0 7132.15 -1765.81 7544.33 5 1 1
15 1312 23407 1314 4730.67 -1938.55 7294.84 14 1 1
15 64397 47901 65399 -7 -830.91 1746.29 1 1 1
15 0 47327 65350 6478.063 -1677.645 7564.84 9 0 0
15 1289 41472 1578 3757.76 -804.981 4579.526 12 0 0
15 61341 62289 3338 8493.235 -1076.616 9701.221 8 0 0
15 64842 18227 2031 33.03 -753.07 1634.96 1 1 1
15 4096 8210 61440 8462.514 -213 8402.252 8 0 0
15 0 39111 0 5871.326 -1813.04 7431.86 8 1 1
15 61184 24518 63488 8245.887 -121.027 7751.955 7 1 1
15 4946 38065 4133 3821.232 -920.9696 4562.745 1 0 0
15 0 32768 2304 -36.39591 -869.7996 1267.17 7 0 0
15 1135 21011 2734 1957.594 -848.6498 2929.992 3 0 0
15 2070 30448 65360 8477.67 -1828.51 11045.98 14 1 1
15 0 20855 0 8498.113 -1173.411 8392.89 12 1.490116E-08 2.235174E-08
15 2418 32703 65519 74.47208 -753.5898 1812.421 3 1 1
15 205 32691 6694 8849.08 -75.99 7548.67 15 1 1
15 63412 59659 3897 8184.34 -1806.03 7825.7 15 1 1
15 63862 20480 0 8484.888 -801.6812 9133.766 14 0 0
15 0 49527 61440 8552.806 -946.4114 8361.9 7 1.490116E-08 2.235174E-08
15 1262 45507 0 93.22094 -795.0569 2002.325 1 1 1
15 4096 15396 0 8491.007 -231 8457.169 1 1.490116E-08 1.490116E-08
15 4806 8209 5637 31.62759 -489.0782 355.13 1 1 1
15 0 58714 0 10718.24 -2314.968 10752.85 11 1.490116E-08 1.490116E-08
15 0 32190 0 5857.365 -1811.74 7624.78 9 1 1
15 5518 8 59804 4604.5 -919.57 6152.67 1 0 0
15 8169 31791 771 9326.96 -1923.72 11089.43 7 1 1
15 8071 209 0 8516.09 -901.3 9502.27 16 7.5 0
15 64974 25767 56251 8083.17 -1634.62 10295.86 25 1 1
15 4096 44704 0 8539.946 -2145.12 8403.764 8 1.490116E-08 2.235174E-08
15 2048 41093 63488 10764.26 -2305 11273.04 11 1.490116E-08 1.490116E-08
15 8192 16447 61440 8484.141 -1075.779 9640.677 6 0 0
15 61184 26859 64358 1180.033 -917.4534 2982.363 7 1 1
15 1605 25304 64876 6276.294 -1811.13 7510.484 8 1 1
15 0 18631 0 6006.995 -1813.04 7587.682 8 1 1
15 0 52545 0 1794.698 -835 2869.22 1 1 1
15 4028 24112 172 8208.02 -1735.49 10843.56 14 1 1
15 65534 49283 6072 1699.57 -836.04 2873.53 1 1 1
15 4095 34056 0 43.33069 -868.1033 743.3798 15 0 0
15 63045 39128 108 5969.51 -1791.83 7467.7 8 1 1
15 3963 32674 35 -13.67 -681.35 603.01 7 1 1
15 3003 35322 55464 3353.145 -466.7173 4625.681 7 0 0
15 0 6248 0 8230.18 -1797 7914.019 4 1 1
15 195 21613 1576 -124.33 -952.12 1095.22 11 1 1
15 65525 48013 65327 556.63 -873.8 2533.21 5 1 1
15 4096 41315 64512 3477 -516.2148 4584.151 7 0 0
15 6656 29261 0 8525.494 -863.9734 9487.771 14 0 0
15 0 63592 0 8216.506 -1797 7883.995 4 1 1
15 0 16402 4096 8476.662 -91 8545.275 8 0 0
15 0 36864 0 -13.12005 -870.22 1548.269 1 0 0
15 63170 51325 57023 29.13 -750.94 1799.02 7 1 1
15 256 43520 59648 6.826623 -869.6701 1467.288 7 0 0
15 64416 7232 126 8532.71 -866.65 9100.25 8 1 1
15 11142 3003 65395 9119.47 -1915.59 11028.63 1 1 1
15 64895 6871 364 8801.75 -67.72 7187.1 12 1 1
15 0 2608 0 -58.48 -859.99 1310.17 4 1 1
15 395 52583 63528 989.52 -998.07 2425.85 11 1 1
15 57121 1856 64304 8835.111 -1913.579 11028.95 7 0 0
15 8031 0 0 -0.18 -585.11 471.56 16 1 1
15 1856 32793 65154 87.44688 -760.9646 2267.538 5 0 0
15 6341 56045 57942 30.51814 -318.36 181.4881 7 1 1
15 64384 54493 5088 5750.57 -1814.34 7609.84 1 1 1
15 63350 31643 4231 7914.12 -1799.28 7895.14 6 1 1
15 2540 37922 64732 8526.609 -53.42012 8189.916 8 0 0
15 0 35153 0 5981.35 -1812.04 7568.54 4 1 1
15 2993 26858 2905 5134.015 -2196.74 6579.304 13 0 0
15 0 36540 0 8512.57 151.63 8020.08 5 1 1
15 29176 61440 32768 8458.739 -129.0979 8507.024 14 1 1
15 926 46356 65256 8532.07 -1332.01 10120.62 7 1 1
15 0 57443 57345 3688.757 -731.9572 4579.812 1 0 0
15 0 6465 0 5778.063 -1812.14 7435.443 4 1 1
15 1280 36140 64560 6912.007 -1828.46 7592.057 8 0 0
15 0 6465 0 5817.502 -1812.14 7506.646 4 1 1
15 62498 47327 64374 6464.427 -1661.094 7529.299 9 0 0
15 0 20835 0 3487.882 -537.7159 4607.136 12 0 0
15 63862 37175 0 8539.126 -830.6845 9132.207 7 0 0
15 7534 16384 5133 31.26022 -613.8864 474.0939 1 0 0
15 61721 48032 450 7533.79 -1794.79 7898.2 8 1 1
15 0 65066 211 8582.15 -117.42 6782.4 0 1 1
15 64831 53546 1408 8786.977 -99.77115 7961.052 8 0 0
15 554 46842 65008 2062.38 -927.22 3653.92 6 0 0
15 0 32703 0 6.244478 -830.75 1829.881 3 1 1
15 0 46757 0 8544.516 -90.4245 8549.175 12 0 0
15 1493 48897 3256 6956.43 -1787.51 7598.19 2 1 1
15 33272 57344 32768 8532.396 -321.0974 8580.137 8 0 0
15 2399 0 0 8469.71 -863.44 9379.92 15 1 1
15 0 22112 0 -88.62 -859.99 1551.86 4 1 1
15 3470 34733 64619 -12.82094 -469.8817 387.0641 7 1 1
15 3362 13232 4820 4679.8 -1723.57 6954.32 8 1 1
15 0 23826 0 10939.64 -1854 11021.04 9 1 1
15 65349 25304 64876 6282.743 -1693.83 7603.882 8 1 1
15 0 6657 0 8399.54 -54.11 7036.13 0 1 1
15 0 29744 0 10924.38 -1853.63 11044.09 9 1 1
15 62714 20992 6392 8544.84 -116.8745 7503.567 8 0 0
15 5574 20494 59387 8477.49 -1231.09 9804.02 8 1 1
15 2588 1051 64000 4591.235 -623.63 5841.323 15 1 1
15 63577 12345 300 8499.897 -127.2 7244.378 14 1 1
15 0 51036 61440 5809.366 -1812 7493.784 7 1 1
15 3961 32260 64376 4639.157 -616.4308 5895.999 7 1 1
15 57344 36864 4096 7380.892 -1436.065 7669.771 7 0 0
15 0 44305 0 11071.1 -1627 10991.95 2 1 1
15 2473 38597 62076 8191.53 -1762.57 10711.87 15 1 1
15 0 53623 61440 8552.771 -956.4114 8461.013 12 1.490116E-08 2.235174E-08
15 8240 0 0 4637.78 -1159.32 6408.77 16 1 1
15 0 15788 0 86.26887 -860 1434.059 4 1 1
15 0 62758 4096 6691.19 -2049.5 7610.156 8 1 1
15 0 44704 0 8563.285 -2050.406 8505.669 12 1.490116E-08 2.235174E-08
15 0 52747 0 8229.393 -160.0042 7772.378 12 1 1
15 1972 17438 65337 7642.32 -1797.83 7912.01 15 1 1
15 0 13872 0 10873.79 -1853.63 11075.17 9 1 1
15 3328 57164 256 6274.888 -1695 7624.271 7 1 1
15 1792 57718 1280 1660.032 -872.0319 2634.136 11 1 1
15 4109 6457 1189 8557.015 -1886.5 11013.01 1 1 1
15 0 34991 0 4648.316 -588.8702 4979.371 9 0 0
15 4446 13870 5120 4670.66 -1557.02 6790.37 8 1 1
15 1930 41803 63471 8340.27 -1784.9 10980.15 12 1 1
15 0 49527 61440 8570.448 -942.4114 8449.669 8 1.490116E-08 2.235174E-08
15 57344 33926 61440 -75.9056 -836.0988 1641.479 1 0 0
15 0 15806 0 5873.335 -1811.74 7594.702 9 1 1
15 0 12306 0 8523.083 -228 8476.624 12 0 0
15 62043 55858 8192 4667.674 -563.5493 5669.008 8 1 1
15 0 33017 0 -19.30969 -762.4016 1861.461 7 0 0
15 8192 28672 0 4622.186 -963.5671 6270.364 7 0 0
15 4864 42405 62208 8238.552 -536.2 7460.152 14 1 1
15 4864 20599 61440 8457.118 -1169.411 8412.452 8 1.490116E-08 2.235174E-08
15 0 28612 0 8512.57 53.98 7804.87 5 1 1
15 4096 52896 0 8544.91 -2027.12 8517.899 8 1.490116E-08 2.235174E-08
15 7566 48 4 8511.66 -1255.91 9855.04 16 1 1
15 63577 1593 300 8653.81 -100.2 7138.37 14 1 1
15 55594 38179 64710 8542.304 -35.69799 7616.335 7 0 0
15 0 31742 0 10974.1 -1853.63 11115.23 9 1 1
15 3422 26158 56320 4606.48 -1490.02 6721.1 8 1 1
15 0 7680 65328 6915.747 -1825.878 7514.845 4 0 0
15 3666 1369 8628 8542.93 -882.42 9449.23 1 7.5 0
15 1127 45792 62277 5494.76 -2202.98 7193.35 14 1 1
15 1170 29203 64506 1989.944 -854.6858 2940.517 3 0 0
15 61440 20401 0 8449.485 -902.04 8601.003 1 1.490116E-08 2.235174E-08
15 30 31516 98 8565.41 -900.94 8739.13 6 1 1
15 61440 39659 63846 1195.569 -953.7521 2843.528 7 1 1
15 0 2608 0 -58.48 -859.99 1310.17 4 1 1
15 8040 9014 1530 8941.81 -1919.59 11027.28 1 1 1
15 65096 15856 57774 3406.6 -494.05 4595.72 16 1 1
15 7366 40925 5637 29.49959 -693.1068 553.7263 6 0 0
15 193 18961 879 1918.56 -992.7 3398.56 13 1 1
15 4550 20488 56064 -31.52057 -755.2751 620.7564 1 0 0
15 64992 41721 2608 6956.622 -1806.28 7491.988 7 1 1
15 768 51119 1280 10749.5 -2163.3 11101.13 7.999996 0 1
15 0 46469 61440 103.1391 -862.8993 1405.208 6 0 0
15 61341 44994 62198 4652.225 -1035.888 6339.628 1 1 1
15 0 57774 0 6276.824 -1735.89 7609.586 12 1 1
15 64392 63316 1783 1213.1 -998.07 2722.77 11 1 1
15 63989 34333 233 648.1 -1237.27 2987.3 3 1 1
15 64643 56626 64515 4446.55 -925.83 4809.9 13 1 1
15 64523 17971 4054 10846.14 -1853.63 11019.69 9 1 1
15 4900 32398 2879 453.05 -937.06 2499.63 7 1 1
15 64523 42803 4054 10845.12 -1917.63 11011.49 7 1 1
15 2232 49851 1414 8142.57 -1649.62 10241.27 6 1 1
15 7499 32097 442 8543.39 -882.13 9017.68 7 1 1
15 0 33643 64061 6523.426 -1679.468 7592.573 9 0 0
15 0 12525 64626 1906.185 -842.5952 2932.557 1 1 1
15 768 22447 1280 10801.23 -2192.9 11030.59 8.999996 1 1
15 0 552 0 3547.026 -589.9177 4581.059 1 0 0
15 60944 2196 3713 8529.653 -104.8336 7628.086 8 0 0
15 1536 46753 0 8410.007 -480.0891 7471.669 12 1 1
15 58112 61440 62175 8583.139 -1855.375 11065.89 1 1 1
15 64177 10218 345 5500.75 -2256.74 6771.46 13 1 1
15 61321 37112 62427 8414.085 -6.515183 8222.584 8 0 0
15 0 26160 0 10880.24 -1853.63 11101.53 9 1 1
15 0 23781 0 10864.12 -1854 11051.19 4 1 1
15 61440 21308 8192 6008.859 -1814.399 7491.328 7 1 1
15 0 43528 0 53.82 -860.19 1290.29 4 1 1
15 905 58174 64799 7572.36 -1794.22 7836.58 6 1 1
15 0 57734 0 589.17 -903.91 2475.13 12 1 1
15 0 10439 0 5805.23 -1813.04 7618.93 8 1 1
15 1493 50432 3768 6948.503 -1730.51 7555.297 2 1 1
15 61576 20550 249 -43.93 -880.73 836.25 1 1 1
15 0 1566 7405 3392.4 -454.64 4585.24 1 0 0
15 63350 48027 135 7898.51 -1797.28 7822.39 15 1 1
15 58880 2998 4864 4654.864 -588.8702 4918.322 7 0 0
15 0 23056 0 -102.3118 -860 1427.816 6 0 0
15 62524 22174 64777 9379.579 -1919.455 11089.57 8 0 0
15 0 15465 0 10789.33 -1915.089 11119.14 8.999996 1 1
15 554 38899 65009 2090.72 -925.36 3590.35 7 1 1
15 5062 29093 55803 4606.696 -703.262 5934.068 8 0 0
15 5021 16302 63976 4651.938 -1249.512 6553.121 1 0 0
15 604 31090 100 4683.464 -610.3506 5797.261 15 1 1
15 4106 14525 1989 -29.09 -842.68 708.03 7 1 1
15 0 32768 0 8511.999 -113.9991 7620.004 17 0 0
15 0 48847 0 9163.95 -1924.93 11014.23 15 1 1
15 64498 11161 63759 524.25 -941.64 2561.54 1 1 1
15 0 52498 0 10903.78 -1854 11022.74 4 1 1
15 5024 39204 61285 8590.53 -133.33 7218.09 7 1 1
15 0 42381 65350 6460.206 -1677.41 7587.465 4 0 0
15 0 5680 0 10921.85 -1853.63 11077.44 9 1 1
15 0 59496 0 8259.696 -1797 7881.203 4 1 1
15 0 19454 0 11011.36 -1853.63 11102.15 9 1 1
15 0 17708 8192 8238.883 -544.2 7547.743 6 1 1
15 0 24511 0 -62.98 -830.75 1855.64 3 1 1
15 64768 43352 64527 5068.748 -2012.239 7480.708 12 0 0
15 0 49828 0 1955.79 -783.88 2895.54 5 1 1
15 0 43520 62884 6824.454 -1813.477 7546.208 4 5 0
15 60347 38558 0 9029.508 -1914.96 11089.97 8 0 0
15 256 46848 2304 26.50341 -860.8708 1410.594 1 1 1
15 256 16958 63744 8291.544 -539.2401 7531.542 8 0 0
15 0 22727 0 5920.6 -1813.04 7603.52 8 1 1
15 64910 33029 4508 8.657841 -538.5403 461.0605 7 0 0
15 0 0 0 8536.171 -901.54 8634.935 8 1 1
15 0 0 0 -0.004377365 100 -370.0033 0 0 0
15 0 43945 0 559.45 -871.03 2491.95 2 1 1
15 0 0 0 8472.31 -901.54 8745.67 8 1 1
15 0 33580 0 8433.23 -409.2 7606.063 6 0 0
15 59730 39711 5223 9199.28 -1914.8 11089.66 1 1 1
15 0 57344 64061 6556.478 -1684.502 7556.96 4 0 0
15 8191 46725 8192 8541.437 -1219.294 9779.121 6 0 0
15 0 26823 0 5991.97 -1813.04 7482.052 8 1 1
15 4884 51715 2133 8142.58 -1655.73 10399.23 6 1 1
15 62574 14994 5714 8788.42 -103.97 7330.21 7 1 1
15 0 18164 0 1987.06 -882.5501 3640.239 7 1 1
15 12749 65096 64635 8066.91 -1793.27 7838.25 6 1 1
15 1182 50243 62621 8838.29 -63.26 7386.2 14 1 1
15 0 39936 0 -92.12315 -772.8991 1827.618 12 0 0
15 30643 63064 33375 4854.657 -2168.335 6740.993 13 0 0
15 16384 28672 8192 34.32166 -421.649 283.5208 7 1 1
15 0 5604 0 1300 -400 2200 170 150 5
15 61341 50001 62198 8537.074 -1223.512 9835.093 8 0 0
15 0 30914 1382 1065.532 -916.9882 2947.036 7 1 1
15 0 13872 0 10995.79 -1853.63 11027.54 9 1 1
15 62129 10218 2905 5331.015 -2232.74 6581.324 13 0 0
15 163 59217 333 8622.948 -23.54008 8228.508 12 0 0
15 62293 37921 7127 787.15 -1221.54 2986.45 3 1 1
15 63744 57344 1024 8545.681 20.67447 8503.889 8 0 0
15 61440 52497 0 11071.8 -1625 11059.13 2 1 1
15 63280 26986 3145 4653.183 -1419.728 6706.904 12 0 0
15 7742 46681 0 -29.1371 -410.2697 309.5508 12 1 1
15 5168 40442 61296 4708.7 -1836.9 7048.15 15 1 1
15 0 61539 57345 3760.497 -802.6567 4602.854 7 0 0
15 61440 30976 0 8493.401 -27.23009 7601.639 2 0 0
15 2588 1051 64000 4591.775 -572.63 5732.68 15 1 1
15 0 0 0 32.79126 -773.5989 1638.77 12 1 1
15 61341 28072 3338 -26.99384 -546.4802 454.1986 1 0 0
15 4863 48500 64768 4662.13 -1051.12 6274.03 6 0 0
15 0 40718 0 6032.924 -1884 7525.473 4 1 1
15 61374 45761 65231 2000.26 -922.77 3586.88 1 1 1
15 8031 0 0 -0.633211 -771.8154 661.1787 16 1 1
15 7111 7728 398 8450.19 -1863.98 10991.47 8 1 1
15 1522 37216 64848 5262.56 -2037.2 7455.79 14 1 1
15 61440 52896 4096 8477.033 -2033.406 8502.467 15 1.490116E-08 2.235174E-08
15 1963 1191 1561 8073.56 -1640.54 10377.57 15 1 1
15 3072 56299 256 35.52579 -753.0582 1757.975 12 1 1
15 1387 60481 1457 757.98 -1228.2 2934.51 3 1 1
15 0 38248 0 8254.776 -1797 7944.559 4 1 1
15 0 28091 0 4886.97 -1994.23 7433.07 14 1 1
15 4096 53859 64512 3619.708 -659.3141 4609.476 7 0 0
15 3117 33164 60049 4605.236 -580.9073 5763.351 8 1 1
15 61572 0 0 10981.48 -1856.78 10989.45 8 1 1
15 2048 47439 1536 11070.05 -1733.72 11101.28 2 1.490116E-08 1.490116E-08
15 61440 14501 8192 8291.608 -535.2 7474.375 7 0 0
15 64714 21703 59055 8109.2 -1623.06 10096.05 1 0 0
15 62529 9733 62434 -35.78 -861.27 1289.57 1 1 1
15 3961 15876 64376 4606.07 -620.83 5848.13 7 1 1
15 0 61528 0 8204.538 -727 7743.282 8 1 1
15 64256 59243 64627 8186.437 -1796.745 7907.475 7 0 0
15 63744 38411 64256 8271.964 -240.9042 7694.027 8 0 0
15 65005 54527 2629 1716.03 -833.84 2993.61 7 1 1
15 0 25222 0 8328.668 -496.6022 7629.485 7 1 1
15 8192 0 0 7351.283 -1435.564 7740.266 7 0 0
15 61440 61440 61440 8496.815 -2155.406 8382.964 14 1.490116E-08 2.235174E-08
15 0 28094 0 5826.629 -1811.74 7601.056 9 1 1
15 32851 27397 32768 2125.718 -865.1889 3223.578 12 1 1
15 1840 16302 3145 4670.979 -1331.454 6609.096 7 0 0
15 0 4729 0 2086.145 -802.7901 3079.781 12 0 0
16 0 32768 512 1053.859 -989 2919.468 0 4 0
16 16585 8205 16668 -65.72 -943.71 1993.34 0 1 1
16 19200 57965 48640 -3.04 -867 1918.62 0 1 1
16 6321 16384 6324 -2.747 -1089.2 2480.506 1 0 0
16 0 55416 0 -6.967382 -1088.84 2190.121 1 0 0
16 1039 17792 1280 -40.69861 -1089.6 2464.022 0 0 0
16 0 50176 65280 -61.61496 -1088.141 2198.999 1 0 0
16 16438 57393 49077 -5.5 -1028.76 2078.27 0 1 1
17 0 0 1043 717.83 -1231.68 2929.95 0 1 1
17 0 13747 0 1773.57 -835 2952.83 2 1 1
17 0 59069 0 8466.52 -900 8646.16 2 1 1
17 0 41963 0 11056.09 -1854 11013.41 2 1 1
17 0 22876 0 5968.99 -1812 7637.24 2 1 1
17 0 41472 0 6772.783 -2049.491 7610.735 13 1 1
18 0 59648 0 8476.873 -2164.385 8349 0 0.5 0.7
18 36134 64768 32768 8698.785 -367.938 8573.343 0 0.5 0.7
18 0 30976 0 8648.133 -2061.385 8531.034 0 0.5 0.3
18 0 37888 0 8702.929 -1650.731 8555.448 0 0 0
18 0 4352 0 8442.199 -1183.731 8408.961 0.1999999 0.2 0.2
18 0 23808 0 8714.865 -6.018295 8556.759 -0.2000001 0.7 0.6999999
18 2048 62950 64899 2783.131 -426.22 4140.613 0 -0.2500001 -0.2500001
18 0 24832 0 8719.931 -973.7311 8490.942 -7.450581E-08 0.3 0.5
18 0 57344 0 2490.549 -309.22 3851.759 0 0 0
18 0 58260 0 8491.729 -237.0776 8444.749 7.450581E-08 1.490116E-08 1.490116E-08
18 0 21504 0 8490.645 -1858.731 8644.194 0 0 0
18 0 39424 0 8563.653 9.981705 8499.203 -0.2000001 1.490116E-08 1.490116E-08
18 36134 37888 32747 8403.347 -227.938 8419.689 -0.1999999 0.5 0.5
18 1280 64512 64768 2052.26 -729.2002 3396.49 0 -0.21 -0.21
18 0 41019 0 8596.351 -961.1116 8432.438 -0.3000001 0.1 0.1
18 0 63488 0 8447.105 -1491.731 8523.181 0.1999999 0.2 0.2
18 0 29047 0 8669.461 169.9817 8578.531 0.4 0.2 0.3
18 758 18432 63744 2516 -748.0001 4022.88 0 -0.2 -0.2
18 36134 25600 32747 8397.403 -136.938 8490.285 0 0.5 0.7
19 8705 16384 8704 -0.17 -445.27 299.64 20 40 35
19 1 21504 0 2043.37 -824.64 2948.91 10 100 70
19 1 32768 8192 3449.38 -564.62 4594.01 18 35 35
19 0 2 0 1063.721 -951.265 2960.201 0.5 30 35
19 1 16384 8192 8512.47 -1044.48 9615.88 18 35 31
19 1 30176 0 2242.95 -907.66 3978.52 15 100 90
19 1 16640 0 2033.55 -890.66 3727.76 15 100 90
19 1 32768 8192 3520.31 -634.62 4594 18 35 35
19 1 32768 8192 3372.04 -498.62 4594.94 18 40 35
19 1 59392 0 1994.95 -810.64 2908.99 10 100 70
19 1 16384 8192 4637.24 -1434.89 6666.07 17 35 32
19 1 0 0 8513.76 -795.43 9162.96 60 70.4 27
19 1 32768 8192 3731.71 -848.62 4593.39 18 35 35
19 1 0 0 636.69 -902.29 2525.36 57 100 100
19 8705 16384 8704 1.46 -800.27 655.2 20 40 35
19 0 2 0 -33.99656 -809.9998 1861 30 30 0.5000001
19 1 26608 0 2161.17 -902.66 3949.54 15 100 90
19 1 0 0 8512.49 -861.42 8781.78 50 50.4 27
19 64001 14848 0 383.35 -872.77 2497.5 170 150 46
19 1 64000 0 1932.07 -797.64 2898.41 10 100 100
19 8705 16384 8704 -1.68 -584.27 442.76 20 40 35
19 8705 16384 8704 -2.7 -515.27 369.41 20 40 35
19 1 16384 8192 4637.34 -866.89 6098.72 17 35 32
19 8705 16384 8704 2.06 -728.27 585.06 20 40 35
19 2049 240 0 86.67 -742.48 1902.52 60 50 80
19 1 16384 8192 8512.67 -1188.48 9756.71 18 35 31
19 1 23552 0 2100.63 -897.66 3884.88 15 100 90
19 1 0 0 8514.91 -831.31 9056.12 50 70.4 29
19 1 0 0 8514.52 -861.42 8934.92 50 90.4 29
19 1 16384 8192 8511.59 -1259.48 9828.76 18 35 31
19 1 16384 8192 8511.75 -902.48 9474.02 18 35 31
19 1 16384 8192 4637.97 -938.89 6170.72 17 35 32
19 1 16384 8192 4635.5 -1007.89 6240.87 17 35 32
19 1 16384 8192 4635.79 -1080.89 6310.94 17 35 32
19 1 1 0 -33.99656 -812.9998 1870 30 30 0.5000001
19 1 16384 8192 4636.59 -725.89 5962.48 17 35 32
19 1 1 0 1053.001 -951.0049 2960.201 0.5 30 35
19 1 0 0 4636.55 -573.39 5503.97 60 70 100
19 1 16384 8192 4634.31 -654.89 5886.9 17 35 30
19 1 16384 8192 4637.28 -1150.89 6381.94 17 35 32
19 1 16384 8192 4640.3 -1292.89 6525.94 17 35 32
19 1 32768 8192 3660.68 -777.62 4593.09 18 35 35
19 769 3328 0 112.54 -804.19 2306.67 170 200 40
19 1 16384 8192 4635.03 -796.89 6033.48 17 35 32
19 1 32768 8192 3591.67 -707.62 4593.74 18 35 35
19 1 16384 8192 8512.85 -974.48 9545.1 18 35 31
19 8705 16384 8704 0.6 -656.27 512.73 20 40 35
19 1 16384 8192 4638.75 -1362.89 6595 17 35 32
19 1 19968 0 2056.16 -890.66 3813.14 15 100 90
19 1 2560 0 1154.63 -959.96 2968.91 35 100 170
19 1 16384 8192 4638.79 -1222.89 6453.94 17 35 32
19 1 16384 8192 8512.78 -1117.48 9687.33 18 35 31
1A 0 18095 62372 6764.381 -1795.369 7576.574 1 1 1
1A 0 62383 65350 6464.206 -1677.378 7527.493 1 1 1
1A 0 37281 0 64.27 -860 1436.26 1 1 1
1A 0 59166 0 8222.591 -2122 7821.784 7 0 10
1A 0 29134 0 8562.37 -900 8652.69 1 1 1
1A 0 36089 0 -81.47 -859.97 1338.42 1 1 1
1A 0 10639 0 5947.62 -1812.04 7459.13 1 1 1
1A 0 2503 0 1719.92 -834.97 2930.48 7 1 1
1A 0 45743 62372 6807.988 -1809.022 7515.564 1 1 1
1A 0 46031 0 5821.82 -1811.74 7645.14 1 1 1
1B 0 0 0 1285.996 -1027.965 2829.998 -1.326203E-06 0 5.960464E-08
1B 0 40960 352 8310.03 -567.2 7567.879 0 0 5
1B 0 49152 512 104.001 -845 1591.004 10 -0.3 6
1B 0 64768 160 6205.306 -1778.44 7481.823 0 0 0
1B 0 16384 768 72.00104 -860 1561.505 6 -0.4 1
1B 0 49152 352 8265.045 -229.2 7640.542 0 0 4
1B 0 49152 352 8275.045 -247 7583.542 0 0 4
1B 0 16384 0 1272.996 -1027.965 2870.998 -1.326203E-06 0 5.960464E-08
1B 0 62976 352 8333.975 -567.2 7425.036 0 0 5
1B 0 64512 160 6098.996 -1867.44 7519.67 0 0 10
1B 0 19469 0 6683.83 -2198.91 7615.1 0 0 0
1B 0 0 256 60.00104 -837 1620.004 0 0 9
1B 0 16896 160 6179.214 -1842.44 7553.034 0 0 10
1B 0 16384 0 1300.996 -1027.965 2870.998 -1.326203E-06 0 5.960464E-08
1B 0 13568 192 6372.776 -1644.44 7202.414 10 0 0
1B 0 32768 0 6480.005 -1784.704 7464 0 0 0
1C 0 32768 0 629.5355 -1237 2961.938 1 0 -57
1D 1 32768 192 2177.685 -681.7661 3670.371 0 2.2 115
1D 1 32768 208 4649.996 -754 4970.002 6 1.9 100
1D 0 16384 256 8510.004 -801.11 8879.997 6 2 130
1D 1 16384 288 -55.52219 -710 1555.707 6 1.5 260
1D 1 16384 288 -15.52219 -660 1445.707 6 1.5 420
1D 1 0 256 5934.204 -2072 7592.477 0 1.5 -15
1D 1 16384 288 9.477814 -710 1565.707 6 1.5 250
1D 758 33792 208 2575.458 -500.0042 3669.378 6 2.2 140
1D 1 32768 192 4614.996 -800 4945.002 6 1.9 100
1D 1 32768 192 4639.996 -775 4921.002 6 1.9 100
1D 1 49152 288 8264.643 -539.2031 7494.729 10 1.8 -18
1D 1 32768 202 2271.729 -681.8636 3634.189 0 2.2 140
1E 0 49152 5 8512.077 -1399.998 8446.533 1 1.907349E-06 1100
1E 0 49152 5 8510.005 -2259.998 8455.002 2 1.907349E-06 1100
1F 0 17486 0 10973.06 -1823 11058.32 0 1 -18
1F 1 49152 0 6909.95 -1610 7543.073 0 0 0
22 256 64256 0 8810.544 -110.3737 7779.239 40 0 4
22 384 49152 0 9057.001 -1937.002 11059 33 0 8
22 53248 0 12288 6250.589 -2036.84 7555.831 20 -180 8
22 57344 32768 0 4645 -676.5559 5874.001 50 -7.450581E-08 8
22 0 49152 0 4510.004 -916 4940.002 35 -7.450581E-08 4
22 64464 48640 0 8640.001 -1886.002 11017 30 0 5
22 40960 0 0 4626.13 -1163.777 6362.49 50 -7.450581E-08 8
22 0 49152 57344 3386.366 -538.9208 4593.002 45 -7.450581E-08 8
22 40960 0 0 8517.999 -935.0024 9469.001 80 0 4
22 57344 32768 0 -0.8901486 -462.0011 289.2633 55 -1.490116E-08 8
22 40960 20480 13568 6528.909 -2143.84 7636.716 30 70 4
22 40704 0 0 8501.896 -1161.002 9695.162 80 0 4
22 43008 0 17664 5991.131 -2060.84 7506.917 20 100 8
22 0 49152 0 7720.002 -1813.001 7867.996 34 -7.450581E-08 8
22 65280 1024 0 8828.717 -106.3737 7581.511 40 0 4
22 0 32768 0 4636 -589 5414.996 25 -7.450581E-08 5
22 0 49152 0 4510.004 -916 4955.002 25 -7.450581E-08 4
22 62208 33632 65519 46.01779 -744.0229 1796.772 30 40 8
23 0 32768 16384 8234.549 57.99528 7848.992 14 0 8
27 65082 63266 64399 2226.308 -951.704 3951.509 1 0.5 -13.9
27 0 43813 0 8283.125 -727 7727.227 2.000001 0.5 -13.9
29 0 16384 0 5889 -1812 7631 0 0 0
29 0 16384 0 5909.5 -1812 7631 0 0 0
29 0 16384 0 5889.5 -1812 7611 0 0 0
29 0 16384 0 5889 -1832.1 7631 0 0 0
2B 0 35602 0 4630.376 -588.8702 4954.301 24 0 0
2E 17 47116 240 10824.97 -2191 10992.47 4 0.5 -13.9
2E 0 34641 240 5924.517 -1809.021 7613.219 3 0.5 -13.9
2E 290 33981 0 8175.092 6 7874.418 0 0.5 -13.9
2E 273 13949 0 2711.426 -290.1019 4285.552 3 0 -4.768372E-07
2E 16 61892 256 1231.875 -954 2959.051 3 0 -4.768372E-07
2E 528 58180 256 4532.973 -850 5163.391 20 0.5 -13.9
2E 545 41230 0 8253.702 -1796.991 7933.373 22 0.5 -13.9
2E 273 40893 3644 4752.228 -794.9957 5230.394 5 0.5 -13.9
2E 544 8188 256 6051.94 -1883.9 7529.607 20 0.5 -13.9
2E 32 55261 240 4527.339 -595 5299.138 5 0.5 -13.9
2E 512 36569 448 6219.395 -1728 7486.819 21 0.5 -13.9
2E 289 3830 65350 6484.806 -1678.005 7504.706 4 0.5 -13.9
2E 32 3303 256 8553.008 -864.6426 9108.677 3 0.5 -13.9
2E 32 19173 272 -99.24416 -860 1351.209 5 1.490116E-08 -4.768372E-07
2E 17 22075 256 597.7171 -1238 3007.832 7 1.490116E-08 -4.768372E-07
2E 288 32492 0 5997.643 -1812.1 7449.075 3 0.5 -13.9
33 0 32997 0 6491.343 -1735.004 7469.299 1 1 1
34 0 32997 0 6636.343 -1638.004 7425.299 9 0.2 0
34 0 32997 0 6587.343 -1695.004 7425.299 9 0.2 0
34 0 32997 0 6537.343 -1755.004 7425.299 9 0.2 0
3A 0 8192 0 8328.071 -1244 8026.189 0 2.2 115
3A 0 0 0 6069.501 -1883.998 7548.002 10 0 30
3A 0 16384 0 620 -1237 3047 0 0 0
42 0 0 0 8469.785 -115.971 7610.502 20 0 0
42 0 0 0 8470.85 -93.97099 7650.228 25 0 0
42 0 0 0 2041.81 -864.1044 3871.828 25 0 0
42 0 0 0 10732.84 -2272.86 10994.68 24 0 0
42 0 0 0 2026.315 -967.4451 3299.079 5 0 0
42 0 0 0 2098.412 -864.1044 3950.672 25 0 0
42 0 0 0 4444.863 -841.0281 5025.818 60 0 0
42 0 0 0 6971.269 -1727 7172.267 140 0 0
42 0 0 0 8473.088 -112.971 7630.689 20 0 0
42 0 0 0 10687.44 -2297.86 10993.42 20 0 0
42 0 0 0 10625.04 -2297.86 10995.92 20 0 0
42 0 0 0 8276.638 -2119 7734.538 5 0 0
42 0 0 0 10686 -2297.86 11056.03 20 0 0
42 0 0 0 8546.101 -93.97099 7669.26 25 0 0
42 0 0 0 6971.269 -1627 7172.267 140 0 0
42 0 0 0 2002.765 -864.1044 3780.644 25 0 0
42 0 0 0 2016.439 -960.6027 3230.605 5 0 0
42 0 0 0 8545.906 -107.971 7644.932 20 0 0
42 0 0 0 588.9614 -1175 3060.885 10 0 0
42 0 0 0 10627 -2297.86 11054.93 20 0 0
42 0 0 0 4426.596 -832.0281 4845.114 60 0 0
42 0 0 0 2189.261 -877.1044 4006.209 25 0 0
42 0 0 0 8549.78 -116.971 7613.249 15 0 0
43 0 0 0 2817.086 -693.8806 4535.647 186 300 0
43 0 0 0 153.1342 -796.0989 2163.776 10 150 0
44 0 60426 0 8187.616 -1425.13 8152.284 318 300 10
44 0 0 0 8512.715 -76.00098 7636.059 25 5 5
44 0 60426 0 8187.616 -575.1298 8152.284 318 300 10
44 0 32768 0 620.0025 -1158 3029.997 23 10 23
44 0 60426 0 8187.616 -1075.13 8152.284 318 300 10
44 0 60426 0 8187.616 -2015.13 8152.284 318 300 10
44 0 60426 0 8187.616 -205.1298 8152.284 318 300 10
44 0 0 0 1.78 -102.29 -210.34 290 210 30
44 0 49152 0 69.00328 -773.0389 1637.997 0 5 25
44 0 65280 0 10588.2 -2062.655 10888.48 400 400 70
44 0 60426 0 8164.706 -75.12976 8137.356 318 300 10
48 0 46848 65350 6369.182 -1587.055 7201.228 3 0 -13.5
49 64 32784 8192 3712.058 -739.9225 4594.663 10 7 5
49 96 32768 8192 3650.181 -676.9225 4593.428 40 7 5
49 2 40 65535 8508.521 -902.4053 8676.041 110 20 30
49 1 8 3187 10922.9 -1283.967 11054.07 90 20 30
49 1 20 6679 5519.648 -2203.48 7095.495 9 20 30
49 1 21 1 2095.165 -880.174 3176.091 4 0 0
49 255 16384 8194 4629.697 -639.302 5958.977 60 10 10
49 256 0 3187 10232.14 -1899.067 11042.42 200 20 30
49 96 0 1 2087.772 -822.174 3101.776 4 0 0
49 352 0 1 8169.158 -1724.973 10662 5 2.2 115
49 1536 16 65535 8512.999 -2292.405 8453.212 40 20 30
49 98 16 1 4629.919 -871.302 6185.238 9.999998 1.490116E-08 0
49 1 32805 8192 3561.891 -589.9225 4608.618 30 7 5
49 5 22 1 8820.301 -1910.973 11028.67 5 2.2 115
49 1 20536 1 4762.138 -1952.302 7228.635 5 20 30
49 1792 0 65535 8512.999 387.5946 8453.212 110 20 30
49 96 32768 8192 3439.785 -465.9225 4609.103 40 7 5
49 208 32 1 4658.454 -986.302 6300.029 11 1.490116E-08 0
49 513 20480 1 4783.031 -1981.302 7269.249 5 20 30
49 1 32805 8192 3773.576 -800.9225 4594.076 30 7 5
49 64 32784 8192 3501.179 -529.9225 4609.36 10 7 5
4B 19 32768 1024 4655.999 -870 4995 0 2 120
4C 0 32681 0 10834.8 -2190.999 10978.27 0.39 0.3 0.5
4C 0 0 0 4633.85 -588.8702 4995.595 0 -1.937151E-07 0
4C 0 0 1482 1099.964 -965.0729 2996.877 1 0 1
4C 0 0 0 6898.003 -1610 7569.731 0.3 0.2 0
4C 0 60416 64160 3028.225 -359.9097 4548.902 0 0 0
4C 0 50230 0 5995.991 -2072 7464.61 0.2 0.5000001 0.2
4C 0 42544 0 8223.52 -727 7709.551 0.5 0.5 0.6
4C 0 47414 0 6001.159 -1812 7625.833 0.9 0.4999999 0.2
4C 0 53296 0 8198.245 -237.0101 7727.273 0.09000001 0.21 0.5
4C 1134 46460 65459 2425.445 -968.4387 4011.539 -1.490116E-08 0.4999999 0.7000001
4C 0 65245 0 1225.81 -954 2842.681 0.2 0.2999999 0.4
4C 0 16384 0 4672.501 -850 5100.003 0 0 0
4C 0 34217 0 10925.46 -1854 10997.39 0.6900001 0.5 0.6
4C 1352 49184 64156 2033.124 -875.1127 3069.152 0.2 0.3999999 0.4
4C 0 40 1528 1094.016 -966.1641 2923.652 0.2999999 0 1
4C 0 16384 0 4672.501 -850 5046.003 0 0 0
4C 0 0 0 6898.003 -1610 7517.731 0.3 0.2 0
4C 0 1334 64061 6545.208 -1682.897 7600.453 0.5 0.6 0.6000001
4C 0 49152 0 6943.054 -1605 7544.681 0.3 0.2 0
4C 0 2768 0 8224.693 -1797 7818.71 0.4 0.3 0.4
4C 0 22222 0 8222.839 -727 7813.42 0.2 0 0.5
4C 0 16694 0 6815.787 -2049.5 7634.697 0.8 0.8 0.5000001
4C 0 49152 0 4657.283 -588.8702 4959.66 0 -1.937151E-07 0
4C 0 16384 0 1260.052 -954 2959.411 0.4 0.4999999 0.5
4C 0 48438 0 5985.413 -2072 7600.129 0.9 0.6 0.2
4C 0 16384 0 11080 -1854 11060 1 1 0
4C 0 0 0 6232.692 -1814 7506.027 0.3 0.4 0
4C 0 37168 0 8254.327 -242.0101 7729.661 0.29 0.3699998 0.5
4C 2643 49152 58848 2029.139 -941.8137 3191.918 0.1999998 0.3999999 0.4
4C 0 38483 0 1808.141 -835 2964.284 0.4 0.4999999 0.5000001
4C 0 16553 0 10882.72 -2186 11006.66 0.09000006 -0.09999993 0.5
4C 0 3584 0 8239.273 -2122 7737.308 1.3 0.2 1
4C 0 15872 256 2026.602 -966.2525 3260.004 0 0.4999999 0.5
4C 0 310 60343 6734.033 -1779.057 7495.682 0.4 0.6 0.5000001
4C 0 0 0 4535.001 -850 5021.503 0 0 0
4C 0 16896 0 8238.897 -539.2 7509.451 0.29 0.1 0.5
4C 0 0 0 6232.692 -1814 7560.027 0.3 0.4 0
4C 750 34172 0 2808.999 -685.3308 4046.675 0.09999999 0.4999999 0.7000001
4C 0 16342 0 8182.113 -2122 7920.846 0.8 0.4 0.7
4C 758 20860 651 2726.95 -680.9195 3985.927 0.9 0.4999999 0.6000001
4C 6739 48384 58800 2031.003 -906.4128 3144.683 0.1999998 0.3999999 0.4
4C 0 0 0 4589.001 -850 5021.503 0 0 0
4C 0 63401 0 10891.72 -1854 11113.49 0.6900001 0.5 0.6
4C 0 59094 0 8276.205 -2122 8070.375 1 0.5 0.6
4C 366 51068 64947 2423.96 -965.6887 3939.81 -1.490116E-08 0.3999999 0.7000001
4C 0 29240 0 2030.294 -683 3698.776 0.4 0.3999999 0.5000001
4C 0 64812 0 6388.542 -1844.9 7515.284 0.3 0.3999999 0.5
4C 3840 33078 6713 6672.306 -1739.056 7590.021 0.3 0.4999999 0.3
4C 0 15344 0 8198.343 -1404.722 7997.378 0.1 0 0.5
4C 0 32054 0 6050.998 -1883.92 7503.821 0.4 0.3999999 0.2
4C 0 53296 0 8274.241 -241.9101 7693.201 0.09000001 0.31 0.5
4D 0 12288 0 4313.734 -948.3841 4960.746 0 0 0
4D 0 57344 0 1601.191 -904.0156 2987.913 0 0 0
4D 0 24576 0 8294.133 -1451.815 8131.651 0 0 0
4D 0 12406 0 10974.28 -1886.184 11210.69 20 60 0
4D 0 60371 0 11002.77 -1808.499 10935.09 20 60 0
4D 0 53248 0 8129.215 -1423.815 8042.381 0 0 0
4D 0 109 0 1989.828 -920.6141 3369.183 0 0 0
4D 0 12288 0 1393.51 -958.2809 2818.42 0 0 0
4D 0 57344 0 4451.221 -803.3841 4935.97 0 0 0
4D 0 17145 0 2101.801 -962.5463 3511.687 0 0 0
4E 0 65027 0 -25.16965 -1088.58 2487.47 2 1.490116E-08 -4.768372E-07
4E 0 28264 0 1764.894 -834.9 2973.779 2 1.490116E-08 -4.768372E-07
4E 0 28775 0 69.42236 -860 1621.524 0 1.490116E-08 -4.768372E-07
4E 0 0 0 83.63062 -860 1603.506 3 1.490116E-08 -4.768372E-07
4F 3 0 0 4021.492 -715.2399 4727.8 100 150 150
4F 5 32768 0 2703.755 -863.5088 3935.125 300 100 250
4F 5 0 0 9853.833 -1846.365 11072.27 300 150 400
4F 4 0 0 -0.002217636 -799.9983 974.9984 200 50 150
4F 4 36002 0 8233.19 -826 7520.628 300 50 200
4F 4 16384 0 31.05737 150.5392 -52.87426 150 150 100
4F 4 0 0 10814.35 -1707.618 11063.83 300 100 300
50 0 49152 0 6239.002 -1814 7532.004 30 0 0
50 0 0 0 8263.49 -539.2 7502.503 0 0 0
50 0 20480 0 8236.443 -242.0042 7709.965 0 0 0
50 0 49152 0 6060.002 -1884 7529.872 30 0 0
50 0 0 0 4573.547 -588.8702 4953.656 9 -1.937151E-07 0
50 0 49152 0 10842.45 -2191 11003.97 0 0 0
50 0 49152 0 6903.469 -1610 7543.013 0 0 0
50 0 32000 0 8223.493 -1404.722 8005.71 0 0 0
50 0 49152 208 6397.998 -1845 7539.998 20 0 0
50 0 0 0 4631.547 -588.8702 4953.656 9 -1.937151E-07 0
51 0 64512 0 6039.042 -1883.98 7547.403 0.2 -4.768372E-07 -0.7
51 0 45056 0 6203.755 -1728.44 7482.627 -0.3500001 0.5 -0.8500017
51 0 45056 0 6198.816 -1728.44 7480.607 -0.3500001 0.5 -0.8500017
52 0 23040 0 4549.373 -850 5147.917 -0.3 -0.1 -0.8000001
52 0 23040 0 4544.791 -850 5151.791 -0.3 -0.1 -0.8000001
52 0 28306 0 8257.438 -1797 7919.821 0.2 -4.768372E-07 -0.7
52 0 28306 0 8260.762 -1797 7912.035 0.2 -4.768372E-07 -0.7
54 2849 0 4443 8673.386 -256.0742 7249.44 28 180 40
54 2849 0 4443 8676.501 -256.0742 7259.989 55 180 40
54 0 65280 0 8586.429 -187.847 7519.334 28 100 120
54 2849 0 4443 8676.112 -169.0742 7650.882 105 99 400
54 2849 0 4443 8672.146 -256.0742 7293.898 85 180 50
57 0 8192 0 122.0806 -935 1270.546 60 60 32
57 0 8192 0 4.046707 -816 1387.993 140 170 32
57 0 30208 0 -172.2453 -920 1469.149 60 70 33
57 0 62720 0 21.9317 -834 1522.958 150 170 32
