0 0 0 0 0 0 0 0 0 0
0 0 54039 0 -930.0868 73 -3641.997 100 70 80.04999
0 0 54039 0 -949.0868 -11 -3557.997 100 70 80.04999
0 0 54039 0 -924.0868 58 -3702.997 100 70 80.04999
0 0 54039 0 -936.0868 57 -3596.997 100 70 80.04999
0 0 54039 0 -943.0868 27 -3570.997 100 70 80.04999
0 0 54039 0 -911.0868 -11 -3741.997 100 70 80.04999
0 0 54039 0 -917.0868 27 -3728.997 100 70 80.04999
0 0 49152 0 -549.9989 183 -2000.005 200 70 40.03999
0 0 49152 0 -589.9989 190 -2000.005 200 70 40.03999
0 0 49152 0 -569.9989 185 -2000.005 200 70 40.03999
0 37632 16384 0 -9.996834 -10 -1049.998 20 0 6.999966
0 37632 16384 0 20.00317 -25 -1049.998 20 0 6.999966
0 37632 16384 0 50.00317 -35 -1049.998 20 0 6.999966
0 37632 16384 0 -39.99683 5 -1049.998 20 0 6.999966
1 0 0 0 -1070.002 -80 -4505.517 20 0 5
1 60672 0 0 -1910.962 -1211.476 -6348.952 20 0 7.999962
1 0 0 0 -649.9976 -25 -2544.002 6 -3.814697E-06 3
1 0 0 0 70.00269 80 -1482.001 6 0 2
1 0 0 0 -849.9962 20 -4890.002 20 0 4
1 60672 0 0 -2029.998 -798 -5707 20 0.4999961 6
1 0 0 0 0 70 -55 5 0 3
1 49152 0 0 -123.1951 258.6228 -533.6565 10 2 5.999993
1 0 0 0 -970.0018 -240 -4445.517 20 0 5
1 4096 16384 0 -40.00175 99.38391 -2040.004 10 0 5.999955
1 0 0 0 0 70 -335 5 0 3
1 0 0 0 -2030.002 -770.3899 -5354.997 10 0 5
1 60672 0 0 -889.9966 55.00398 -2800 20 0 4.999987
1 60672 0 0 -2020.962 -1211.476 -6348.952 20 0 7.999962
1 0 16384 0 -574.9992 3 -2160.005 6 0 3
1 60672 0 0 -889.9966 -44.99602 -3100 20 0 4.999987
1 0 0 0 -649.9976 -125 -3053.996 6 -3.814697E-06 3
1 0 16384 0 -1700 -1210 -5216.844 20 0 4.069988
1 0 0 0 -1910.003 -1180.155 -6120 20 0 5.999962
1 0 0 0 -719.9962 -90 -4860.002 20 0 8
1 0 0 0 -310.0962 120 -780.0002 15 0 4.999966
1 0 0 0 70.00269 80 -1892.001 6 0 2
1 0 16384 0 -849.9962 70 -5110.002 20 0 8
1 37632 16384 0 -205.0018 88 -1050.002 20 0 6.999966
1 0 49152 0 -880.0018 -240 -4655.517 20 0 4
1 0 49152 0 -919.9962 -80 -4770.002 20 0 6
1 0 0 0 -1909.997 -1184.32 -5330.004 12 0 6.99996
1 0 0 0 -729.998 40 -2399.998 10 0 3
2 5376 0 16384 -1492.027 -612.0599 -5116.533 30 -3.889203E-06 6
2 0 0 16384 -1492.027 -672.0599 -5116.533 20 -3.889203E-06 6
2 5376 0 16384 -1492.027 -652.0599 -5116.533 30 -3.889203E-06 6
2 0 0 16384 -1492.027 -632.0599 -5116.533 50 -3.889203E-06 8
2 0 0 16384 -1492.027 -592.0599 -5116.533 20 -3.889203E-06 6
2 4096 0 16384 -1492.027 -632.0599 -5116.533 50 -3.889203E-06 8
2 0 0 16384 -1492.027 -652.0599 -5116.533 30 -3.889203E-06 6
2 0 0 16384 -1492.027 -612.0599 -5116.533 30 -3.889203E-06 6
3 0 49152 0 -574.9992 -141 -2160.005 0 1 2
3 0 45956 0 -165.0036 -122 -2139.998 0 4 0
4 53248 32768 2048 -934.9997 121 -3786.07 140 5.999996 0
4 0 45956 3072 -290.0012 124 -2040 30 4 0
4 0 43450 0 -123.8545 103.4933 -539.7552 20 2 40.03999
6 61440 0 0 -2005.002 -1004 -6101.996 1.5 10 0
6 8192 16384 0 -1408.995 -1137.001 -5134.999 0.7999998 5 5.7
6 8192 16384 0 -1408.995 -1137.001 -5084.999 0.7999998 5 5.7
6 61440 0 0 -2055.002 -1004 -6101.996 1.5 10 0
7 0 49152 0 -1094.998 -1010 -5110.996 20 20 0
7 0 40448 0 -734.6115 -630 -5026.646 6 20 0
7 0 32768 0 -729.8244 -630 -4996.451 6 20 0
7 0 49152 0 -1095.328 -480 -5108.497 18 20 2
8 0 40962 0 -771.7885 -630 -5068.955 10 10 0
8 0 32769 0 -889.9985 70 -2699.998 0 3.5 0
A 0 46752 0 -970.0049 130 -3000.001 3 0 4.999987
A 0 25491 0 -203.0048 147 -1100.003 15 0 4.999966
A 0 49152 0 -689.9952 -140 -3187.615 3 -3.814697E-06 3
A 0 49152 0 -689.9952 -140 -3157.615 3 -3.814697E-06 3
A 0 16384 0 -2159.807 -768 -6019.299 3 0 0
A 0 16384 0 -61.99998 70 -430.9998 3 0 0
A 0 49152 0 -689.9952 -140 -3202.615 10 -3.814697E-06 3
A 0 49152 0 -689.9952 -140 -3172.615 3 -3.814697E-06 3
A 0 0 0 -934.9997 125 -3656.07 5 5.999996 0
A 0 0 0 -2129.998 -810 -5819.997 3 0 0
C 0 32768 0 -1395.999 -348 -5109.999 8 0.4999961 0
E 0 0 0 -1970.001 -1360 -6950.002 0 0 0
21 0 49109 176 -790.1725 -70 -2714.458 6 0 0.06998825
23 0 0 176 -790.1725 -70 -2714.458 6 0 0.06998825
2E 0 58001 0 -832.4738 -133 -3164.056 10 50 0
2E 1382 19473 0 -697.5704 -138.7778 -2184.08 10 0 0
2E 3355 48662 0 -697.1017 -116.8655 -2358.157 0 0 0
2E 0 15287 0 -697.0483 30 -2505.387 0 0 0
2E 0 63369 0 -1836.902 -1223 -5183.045 0 10 20.01999
30 0 16384 0 -850.5677 25 -5040.06 0 10 20.01999
30 0 49152 0 105.8675 20 -1377.378 0 6 -1
30 0 32768 0 -649.9976 -66 -2560.593 29 -2.000004 3
30 0 32630 0 -1431.251 -1130 -5110.825 -6.2 15 39
30 0 0 0 -729.3582 25 -2509.735 10 10 0
30 0 49152 0 69.54145 48 -1969.107 10 10 37
30 0 16384 0 -849.0024 -64 -2826.236 80 10 10
30 0 16384 0 -699.8484 -30.7 -2505.387 0 50 0
38 1 44288 192 -2010.214 -776 -5730.881 200 30 40.08998
38 1 55296 128 -1024.731 125 -3259.125 100 70 80.04999
38 0 24576 256 -1432.785 -601.8848 -5025.607 200 60 40.08997
38 1 30720 64 -783.2291 -210 -4659.985 250 150 120.03
38 1 4352 96 -1937.598 -778 -5080.838 200 30 40.01999
38 1 57344 128 -983.1051 163 -2977.569 200 0 60.01999
38 1 55808 0 -2057.321 -888.1896 -6010.317 200 0 100.02
38 1 51712 96 -716.7751 -70 -4919.211 200 70 40.00999
38 1 49152 96 -761.0505 -70 -4992.345 200 70 40.00999
38 1 57344 128 -723.7247 187 -2122.777 400 130 0.1799765
38 1 53248 128 60.13475 86.99535 -1459.695 200 50 40.02999
38 1 4096 128 -10.15899 115.9953 -2013.093 200 70 40.06999
38 1 57344 128 169.262 10.99535 -1165.086 200 90 40.06
38 1 0 128 113.4155 43.99535 -1319.153 200 60 10.01
38 0 8192 256 -1554.632 -681.8848 -5035.72 200 60 40.08997
38 1 4096 128 -122.5272 99.99535 -572.9108 200 10 0.05999999
38 1 57344 64 -965.2864 -217 -4647.797 150 120 100.06
38 1 49152 128 -728.1773 163 -2206.008 200 80 20.06998
38 1 53248 128 -75.90865 99.99535 -456.7197 183 -10 -20
38 1 53248 96 -757.6052 -70 -5105.544 200 70 40.00999
38 1 43008 96 -765.8605 -70 -4877.524 200 70 70.00999
38 0 51200 0 -1904.512 -1188 -5549.826 32 50 47.04995
38 1 2048 128 -102.6775 142.9953 -2029.476 200 70 40.03999
39 60700 49152 16384 -651.5292 -135.3905 -2915.768 250 -500 100.04
39 64493 49152 24576 -1907.997 -1190.002 -5400 250 -500 100.07
39 0 0 32768 69.99993 80 -1694.996 250 -500 150.09
39 0 49152 16384 -2030 -774.04 -5355.955 250 -500 100.05
39 60700 49152 49152 -651.5292 -135.3905 -3015.768 250 -500 100.04
39 0 0 0 69.99993 80 -1634.996 250 -500 150.09
39 0 49152 49152 -2030 -774.04 -5435.955 250 -500 100.05
39 0 49152 55296 -305.2398 141 -806.5497 250 -500 150.09
41 0 32768 64497 -759.9962 -72.00037 -2915.003 0 0 0
41 60700 0 0 -1019.996 -198.0015 -4178.003 0 0 0
41 0 0 0 -839.9965 -130 -3274.003 0 0 0
41 0 0 0 -2080.003 -1391 -7068.998 0 0 0
41 60700 32768 0 -619.9962 -170.5014 -2985.003 0 0 0
41 0 0 1039 -999.9965 126.7003 -3018.003 0 0 0
41 60700 0 0 -839.9965 -93.0015 -3166.003 0 0 0
41 60700 0 0 -839.9965 -50.1015 -3076.003 0 0 0
41 60700 0 0 -2080.003 -1329.499 -6568.998 0 0 0
41 60700 0 0 -1860.003 -1306.499 -6518.998 0 0 0
41 0 0 0 -1860.003 -1190 -5918.998 0 0 0
41 60700 0 0 -1860.003 -1207.499 -6318.998 0 0 0
41 0 0 0 -839.9965 -30 -2976.003 0 0 0
41 60700 0 0 -939.9965 -17.0015 -2916.003 0 0 0
41 60700 32768 0 -619.9962 -170.5014 -2885.003 0 0 0
41 0 32768 0 -1590.003 -1131 -5059.999 0 0 0
41 1039 49152 0 -678.9962 176 -1970.003 0 0 0
41 1039 49152 0 -738.9962 169 -1970.003 0 0 0
41 1039 49152 0 -620.9962 170.1 -1970.003 0 0 0
41 0 0 0 -839.9965 -130 -3366.003 0 0 0
41 0 0 0 -1860.003 -1391 -6818.998 0 0 0
41 0 0 0 -1099.996 -97 -4628.003 0 0 0
41 0 0 0 -1099.996 -91 -4498.003 0 0 0
41 0 32768 0 -1520.003 -1138 -5059.999 0 0 0
41 0 0 0 -679.9965 -251 -4690.003 0 0 0
41 60700 0 0 -919.9965 -175.0015 -4128.003 0 0 0
41 0 0 0 -2159.998 -840 -6019.696 2 0 0
41 0 0 0 -1860.003 -1393 -6918.998 0 0 0
41 60700 32768 0 -679.9962 -90.5014 -2735.003 0 0 0
41 0 0 0 -739.9965 -250 -4600.003 0 0 0
41 60700 0 0 -839.9965 11.99867 -2856.003 0 0 0
41 0 49152 0 -1872.002 -822 -4999.997 0 0 0
41 0 16384 0 -958.0024 -257 -4699.996 0 0 0
41 60701 0 0 -1860.003 -1254.499 -6418.998 0 0 0
41 0 32768 64497 -619.9962 -75.00035 -2604.003 0 0 0
41 0 0 0 -1860.003 -1200 -6218.998 0 0 0
41 3340 32768 64497 -619.9962 -104.666 -2426.003 0 0 0
41 60700 0 0 -1019.996 -146.0015 -4078.003 0 0 0
41 1039 49152 0 -704.9951 -90.49746 -4739.996 0 0 0
41 0 49152 0 -545.9962 28 -1970.003 0 0 0
41 0 49152 0 -659.9951 -110 -4889.996 0 0 0
41 0 32768 63478 -1059.995 58.99902 -5179.996 0 0 0
41 60700 32768 0 -939.9965 -78.0015 -3146.003 0 0 0
41 60700 0 0 -939.9965 -63.0015 -3086.003 0 0 0
41 0 32768 1039 -760.9962 29.90038 -2466.003 0 0 0
41 0 32768 64497 -759.9962 -74.00037 -2825.003 0 0 0
41 0 45056 0 -660.9962 28 -2110.003 0 0 0
41 0 32768 1039 -760.9962 19.90036 -2165.003 0 0 0
41 60700 49152 0 -2079.901 -958.9984 -5999.997 0 0 0
41 60700 49152 0 -2079.902 -817.9984 -5719.997 0 0 0
41 0 49152 63478 -989.9951 51.99902 -5039.996 0 0 0
41 60700 0 0 -939.9965 32.9985 -2816.003 0 0 0
41 0 0 60612 -23.2149 -24.46475 -999.9963 0 0 0
41 0 0 60700 -173.2149 54.60745 -999.9963 0 0 0
41 0 49152 63478 -909.9951 57.99902 -5039.996 0 0 0
41 0 0 60700 -63.2149 -8.39255 -1099.996 0 0 0
41 0 0 0 -1019.996 -132 -3968.003 0 0 0
41 0 0 0 49.99693 30.89999 -249.995 0 0 0
41 0 0 0 -50.00307 39.89999 0.004991531 0 0 0
41 0 33024 62181 -178.9841 72.99469 -640.255 0 0 0
41 0 0 0 -50.00307 34.89999 -299.995 0 0 0
41 0 49152 0 49.9959 30 -430.0046 0 0 0
41 0 45056 0 -560.9962 28 -2110.003 0 0 0
41 0 49152 0 -40.0041 33 -640.0046 0 0 0
41 0 49152 62181 -29.99622 83.46541 -1990.003 0 0 0
41 0 0 0 -50.00307 29.89999 -99.99501 0 0 0
41 0 0 0 49.99693 29.89999 -149.995 0 0 0
41 0 0 0 -919.9965 -132 -4018.003 0 0 0
41 0 0 0 -919.9965 -132 -3918.003 0 0 0
41 0 0 0 -1019.996 -132 -3868.003 0 0 0
41 0 0 0 -924.9965 -134 -3818.003 0 0 0
41 0 0 0 -1099.996 -101 -4558.003 0 0 0
41 0 0 0 -50.00307 39.89999 -380.005 0 0 0
41 0 49152 0 50.00378 79.39999 -2090.003 0 0 0
41 0 49152 0 -2079.902 -802 -5589.997 0 0 0
41 0 49152 62181 -99.99622 104.9987 -1990.003 0 0 0
41 0 0 0 -50.00307 28.89999 -199.995 0 0 0
41 0 49152 62181 -59.99622 93.6654 -2090.003 0 0 0
41 0 0 62181 -189.2944 71.43147 -539.9447 0 0 0
41 0 0 0 -1011.996 -139 -3778.003 0 0 0
41 0 49152 0 -129.9962 116 -2090.003 0 0 0
41 0 0 0 -1979.902 -801.9999 -5539.997 0 0 0
41 1039 16384 0 -904.1022 -90.03258 -4739.674 0 0 0
41 0 0 0 120.0038 48 -1889.003 0 0 0
41 0 49152 0 -879.9951 4 -4959.996 0 0 0
41 0 0 0 20.00379 41 -1829.003 0 0 0
41 0 0 0 120.0038 39 -1474.003 0 0 0
41 0 0 0 -939.9965 -130 -3416.003 0 0 0
41 0 32768 4836 -1240.003 -1081.001 -5059.999 0 0 0
41 0 0 0 260.0038 12 -1306.003 0 0 0
41 0 0 0 -840.9965 -130 -3466.003 0 0 0
41 0 32768 1039 -760.9962 16.70038 -2386.003 0 0 0
41 0 49152 0 -760.9962 45 -2690.003 0 0 0
41 0 32768 5041 -1290.003 -1101.749 -5159.999 0 0 0
41 0 0 0 -359.9977 79 -557.0027 0 0 0
41 1375 32768 64497 -619.9962 -124.5333 -2316.003 0 0 0
41 0 32768 0 -1980.002 -801.9999 -5189.997 0 0 0
41 60700 0 0 -939.9965 -115.0015 -3216.003 0 0 0
41 0 12288 0 -359.9977 87 -1007.003 0 0 0
41 0 0 0 -1860.003 -1196 -6018.998 0 0 0
41 0 0 0 -889.9965 -251 -4600.003 0 0 0
41 0 32768 0 -939.9965 -130 -3316.003 0 0 0
41 0 0 0 20.00379 45.1 -1519.003 0 0 0
41 0 0 0 49.99693 40 -49.99501 0 0 0
41 60700 49152 0 -1979.901 -884.8984 -5839.997 0 0 0
41 0 0 60700 -93.2149 3.607452 -999.9963 0 0 0
41 0 49152 0 -659.9951 -110 -4989.996 0 0 0
41 0 0 0 -203.2149 76 -1099.996 0 0 0
41 0 16384 0 -1860.003 -1230 -5548.998 0 0 0
41 0 0 0 -679.9965 -257 -4619.003 0 0 0
41 0 49152 0 -879.9951 10 -4839.996 0 0 0
41 0 0 0 -2080.003 -1203 -6258.998 0 0 0
41 0 0 62181 -124.0041 40.00137 -540.0046 0 0 0
41 0 32768 0 -1860.003 -1237 -5648.998 0 0 0
41 0 0 0 49.99693 22.89999 -339.995 0 0 0
41 0 32768 0 -1690.003 -1221 -5239.999 0 0 0
41 0 32768 0 -1490.003 -1222 -5239.999 0 0 0
41 0 32768 0 -679.9962 -173 -2935.003 0 0 0
41 0 32768 0 -1490.003 -1132 -5159.999 0 0 0
41 0 32768 0 -1440.003 -1139 -5059.999 0 0 0
41 60700 0 0 -2080.003 -1393.499 -6668.998 0 0 0
41 60495 0 0 -1019.996 -249.4502 -4278.003 0 0 0
41 0 32768 0 -619.9962 -142 -3130.003 0 0 0
41 64497 32768 0 -378.9962 -134.0003 -2170.003 0 0 0
41 60700 49152 0 -1979.901 -978.8984 -6039.997 0 0 0
41 0 0 0 49.99693 29.89999 50.00499 0 0 0
41 0 32768 0 -659.9958 -640 -5109.996 0 0 0
41 60700 49152 0 -1979.902 -826.9984 -5739.997 0 0 0
41 0 0 0 220.0038 -34 -1185.803 0 0 0
41 1039 49152 0 -804.9951 -94.49746 -4739.996 0 0 0
41 0 49152 0 200.0038 14 -1470.003 0 0 0
41 0 16384 0 -323.2149 86 -1099.996 0 0 0
41 0 0 0 -2080.002 -807.9999 -5219.997 0 0 0
41 0 49152 0 -249.9962 130 -2090.003 0 0 0
41 60700 49152 0 -2159.902 -811.9984 -5889.997 0 0 0
41 60700 49152 0 -2159.902 -811.9984 -5819.997 0 0 0
41 0 49152 63478 -1069.995 44.99902 -5039.996 0 0 0
41 0 0 0 -814.9965 -261 -4600.003 0 0 0
41 0 49152 0 -1992.002 -822 -4999.997 0 0 0
41 64497 16384 0 -649.9962 -144.0003 -3220.003 0 0 0
41 0 0 0 -1900.003 -1391 -7089.998 0 0 0
41 0 49152 0 -1862.002 -822 -5179.997 0 0 0
41 0 32768 0 -939.9965 65 -2726.003 0 0 0
41 0 0 0 -919.9965 -251 -4418.003 0 0 0
41 0 32768 0 -1860.003 -1238 -5748.998 0 0 0
41 0 49152 0 49.9959 30 -610.0046 0 0 0
41 0 0 0 -1980.003 -1399 -7089.998 0 0 0
41 60700 0 0 -1860.003 -1388.499 -6718.998 0 0 0
41 0 16384 0 -700.9962 47.8 -2536.003 0 0 0
41 0 49152 0 -1940.002 -835 -5179.997 0 0 0
41 0 32768 0 -1590.003 -1226 -5239.999 0 0 0
41 0 0 0 -2080.003 -1393 -6968.998 0 0 0
41 0 0 0 -1860.003 -1393 -7018.998 0 0 0
41 0 0 0 -2080.003 -1392 -6868.998 0 0 0
41 1039 16384 0 -939.9951 -94.49746 -4809.996 0 0 0
41 60700 32768 0 -679.9962 -140.5014 -2835.003 0 0 0
41 0 32768 64497 -759.9962 -85.00037 -2755.003 0 0 0
41 0 32768 5041 -1340.003 -1127.749 -5059.999 0 0 0
41 0 32768 0 -799.9962 -145 -3100.003 0 0 0
41 60700 32768 0 -619.9962 -120.5014 -2785.003 0 0 0
41 0 32768 0 -709.9962 -142 -3100.003 0 0 0
41 0 32768 0 -760.9962 27 -2073.003 0 0 0
41 60700 0 0 -919.9965 -221.0015 -4228.003 0 0 0
41 60700 49152 0 -2159.902 -820.9984 -5954.997 0 0 0
41 0 0 0 -50.00307 39.89999 100.005 0 0 0
41 0 32768 4836 -1140.003 -1026.562 -5059.999 0 0 0
41 0 32768 5041 -1180.003 -1051.749 -5159.999 0 0 0
41 0 32768 63478 -959.9951 58.99902 -5179.996 0 0 0
41 60700 0 0 -2080.003 -1231.649 -6368.998 0 0 0
41 0 32768 0 -679.9962 -173 -3045.003 0 0 0
41 0 49152 0 -659.9958 -640 -5109.996 0 0 0
41 0 0 60700 -133.2149 30.60745 -1099.996 0 0 0
41 0 0 0 20.00379 49 -1414.003 0 0 0
41 60700 49152 0 -1979.901 -928.8984 -5939.997 0 0 0
41 0 16384 62181 -109.004 46.668 -640.0046 0 0 0
41 0 32768 0 60.00379 -20 -1208.803 0 0 0
41 0 16384 0 -700.9962 49 -2646.003 0 0 0
41 0 0 0 260.0038 19 -1404.003 0 0 0
41 0 32768 63478 -859.9951 53.99902 -5179.996 0 0 0
41 0 49152 0 -1979.902 -804.9999 -5639.997 0 0 0
41 0 0 0 -1019.996 -251 -4458.003 0 0 0
41 1039 49152 0 -659.9951 -98.49746 -4786.996 0 0 0
41 0 49152 0 -184.9962 130.1 -1990.003 0 0 0
41 0 0 0 -2080.002 -801.9999 -5119.997 0 0 0
41 0 12288 0 -359.9977 84 -627.0027 0 0 0
41 0 49152 0 -659.9951 -110 -5089.996 0 0 0
41 64497 32768 0 -278.9962 -130.0003 -2170.003 0 0 0
41 0 49152 0 -1980.002 -801.9999 -5189.997 0 0 0
41 0 0 60495 16.7851 -34.55866 -1099.996 0 0 0
41 0 49152 0 -1932.002 -831 -4999.997 0 0 0
41 0 32768 0 -1810.003 -1220.6 -5278.998 0 0 0
41 0 0 0 -879.9965 49 -2536.003 0 0 0
41 0 0 0 -1019.996 -251 -4378.003 0 0 0
41 0 4096 0 -277.2278 85.39996 -539.9965 0 0 0
41 0 0 0 133.6298 -31 -1000.003 0 0 0
41 0 0 0 -2080.003 -1394 -6768.998 0 0 0
41 0 0 0 -839.9965 65 -2727.003 0 0 0
41 0 0 0 -2080.003 -1193 -6158.998 0 0 0
41 1375 32768 64497 -619.9962 -144.5333 -2226.003 0 0 0
41 0 0 0 -1860.003 -1194 -6118.998 0 0 0
41 0 0 0 220.0038 -34 -1055.803 0 0 0
41 0 32768 0 -1560.003 -1137 -5159.999 0 0 0
41 0 32768 64497 -619.9962 -70.00035 -2523.003 0 0 0
41 0 32768 1039 -1800.003 -1202 -5838.998 0 0 0
41 60701 0 0 -1860.003 -1354.499 -6618.998 0 0 0
41 0 49152 0 49.9959 38 -510.0046 0 0 0
41 0 0 0 -939.9965 66 -2636.003 0 0 0
41 0 0 0 120.0038 -34 -1135.803 0 0 0
41 0 0 0 80.00379 17 -1334.003 0 0 0
41 0 0 0 120.0038 78 -2020.003 0 0 0
41 0 0 0 -919.9965 -251 -4518.003 0 0 0
41 0 49152 0 -270.9962 123 -1990.003 0 0 0
42 0 0 0 96.00378 -28.9 -1103.803 0 0 0
42 0 16384 0 -2080.003 -1189 -6129.998 0 0 0
42 0 0 0 -294.2149 91 -1099.996 0 0 0
42 0 0 0 -848.0024 -253 -4698.996 1 0 0
42 1039 32768 0 -1658.003 -1218.901 -5060.999 0 0 0
42 0 16384 1039 -680.0962 -168.8095 -3016.003 0 0 0
42 0 0 0 -897.0024 -249 -4698.996 0 0 0
42 0 0 0 -992.0024 -253 -4698.996 1 0 0
42 0 16384 1039 -680.0962 -168.9095 -2998.003 0 0 0
42 0 16384 0 -919.9965 -29 -2981.003 0 0 0
42 0 0 0 -10.0041 41 -640.0046 0 0 0
42 0 0 0 5.995899 41 -640.0046 0 0 0
42 0 16384 0 -2079.992 -799 -5543.997 0 0 0
42 0 16384 1039 -110.0961 71.00039 -468.2886 0 0 0
42 0 16384 0 -49.99543 41.39998 -250.9983 0 0 0
42 0 16384 1039 -110.0961 67.00039 -485.2886 1 0 0
42 0 16384 0 -759.7247 31.01 -2118.023 0 0 0
42 0 32768 0 -1471.003 -1129 -5059.999 0 0 0
42 0 16384 0 -2080.003 -1393 -6728.998 1 0 0
42 0 16384 0 -359.9955 87 -590.0024 1 0 0
42 0 16384 0 -759.7247 31.01 -2104.023 0 0 0
42 0 16384 0 -2080.003 -1389 -6708.998 0 0 0
42 0 32768 0 -1488.003 -1129 -5059.999 0 0 0
42 0 0 0 -278.2149 87 -1099.996 1 0 0
42 0 16384 0 20.00379 51 -1468.003 0 0 0
42 0 16384 0 -879.9965 51 -2566.003 0 0 0
42 0 16384 0 19.00379 51 -1853.003 0 0 0
42 0 0 0 -1542.003 -1219 -5239.999 0 0 0
42 0 16384 0 -685.9962 -69 -2521.003 0 0 0
42 0 16384 0 -2080.003 -1389 -6929.998 0 0 0
42 0 16384 0 -49.99543 37.1 -28.99833 1 0 0
42 0 16384 0 -49.99543 41.1 -232.9983 0 0 0
42 0 16384 0 19.00379 51 -1868.003 0 0 0
42 0 0 0 -1804.003 -1199 -5878.998 0 0 0
42 0 0 0 -1820.003 -1199 -5878.998 0 0 0
42 0 16384 0 59.00379 -3 -1237.803 1 0 0
42 0 16384 0 -2080.102 -803 -5171.997 1 0 0
42 0 16384 0 -2080.003 -1389 -6798.998 0 0 0
42 0 16384 0 -2080.003 -1189 -6204.998 0 0 0
42 0 49152 0 220.0038 -29 -1097.803 0 0 0
42 0 32768 0 -774.9965 -249 -4600.003 0 0 0
42 0 0 0 -1555.003 -1219 -5239.999 0 0 0
42 0 16384 0 -359.9955 91 -607.0024 0 0 0
42 0 16384 0 -361.8975 91 -957.0027 0 0 0
42 0 16384 0 -824.2961 -73 -2851.003 1 0 0
42 0 16384 0 -940.0964 -129 -3446.003 0 0 0
42 0 16384 0 -47.99543 41 50.00167 0 0 0
42 0 16384 0 -685.9962 -69 -2508.003 0 0 0
42 0 32768 0 -228.9962 127 -1990.003 1 0 0
42 0 16384 0 -939.9965 67 -2697.003 1 0 0
42 0 0 0 -693.9962 -139 -3220.003 0 0 0
42 0 32768 0 -214.9962 131 -1990.003 0 0 0
42 0 16384 0 -2018.102 -819.0002 -5026.997 0 0 0
42 0 16384 0 -879.9951 11 -4902.996 0 0 0
42 0 49152 0 220.0038 -29 -1114.803 0 0 0
42 0 0 0 248.9038 21 -1470.003 0 0 0
42 1039 32768 0 -1675.003 -1218.901 -5060.999 0 0 0
42 0 0 0 229.9038 21 -1470.003 0 0 0
42 0 16384 0 -759.9962 31.1 -2433.003 0 0 0
42 0 16384 0 -1018.996 -133 -3916.003 1 0 0
42 0 16384 0 -1819.003 -1219 -5169.999 0 0 0
42 0 16384 0 -879.9951 11 -4920.996 0 0 0
42 0 16384 0 -2080.003 -1393 -7001.998 1 0 0
42 0 0 0 98.00378 81 -2090.003 0 0 0
42 0 16384 0 -47.99543 41 66.00167 0 0 0
42 0 16384 0 -361.8975 91 -974.0027 0 0 0
42 0 16384 0 -1819.003 -1219 -5154.999 0 0 0
42 0 16384 0 59.00379 1 -1253.803 0 0 0
42 0 16384 0 -824.2961 -69 -2867.003 0 0 0
42 0 16384 0 -2080.003 -1193 -6189.998 1 0 0
42 0 16384 0 20.00379 47.1 -1484.003 1 0 0
42 0 16384 0 -940.0964 -129 -3379.003 0 0 0
42 0 16384 0 -824.2961 -69 -2834.003 0 0 0
42 0 49152 0 -659.9951 -99 -5052.996 0 0 0
42 0 16384 61440 -49.99543 37.1 -269.9983 1 0 0
42 0 49152 0 -1860.003 -1229 -5586.998 0 0 0
42 0 16384 0 -940.0964 -129 -3462.003 0 0 0
42 0 0 0 80.00378 81 -2090.003 0 0 0
42 0 16384 0 -2080.003 -1389 -6813.998 0 0 0
42 0 0 0 -1836.003 -1203 -5878.998 1 0 0
42 0 16384 0 -2079.992 -799 -5527.997 0 0 0
42 0 16384 0 -1018.996 -129 -3825.003 0 0 0
42 0 16384 0 -2080.102 -799 -5189.997 0 0 0
42 0 16384 0 -1018.996 -129 -3840.003 0 0 0
42 0 16384 0 -1018.996 -129 -4023.003 0 0 0
42 1039 32768 0 -1693.003 -1222.901 -5060.999 1 0 0
42 0 0 0 -677.9962 -143 -3220.003 1 0 0
42 0 16384 0 -1098.996 -89.00002 -4593.003 0 0 0
42 0 49152 0 -1860.003 -1229 -5600.998 0 0 0
42 0 0 0 -1008.002 -249 -4698.996 0 0 0
42 0 16384 0 -1098.996 -89.00002 -4527.003 0 0 0
42 0 0 0 -833.0024 -253 -4698.996 1 0 0
42 0 0 0 -881.0024 -249 -4698.996 0 0 0
42 0 0 0 -863.0024 -253 -4698.996 1 0 0
42 0 16384 0 -2080.003 -1389 -7039.998 0 0 0
42 0 16384 0 -879.9965 51 -2582.003 0 0 0
42 0 16384 0 -759.9962 27.1 -2416.003 1 0 0
42 0 0 0 -912.0024 -249 -4698.996 0 0 0
43 0 16384 0 20.00379 50.20001 -1449.003 0 0 0
43 0 16384 0 -359.9955 90.1 -647.0024 0 0 0
43 0 16384 0 -49.99543 40.1 20.00168 0 0 0
43 0 16384 0 -49.99543 40.2 -55.99833 0 0 0
43 0 16384 0 -2080.003 -1389.9 -6911.998 0 0 0
43 0 32768 0 -1037.295 60.1 -5045.096 -0.1 0 0
43 0 16384 1039 -110.0961 70.10037 -448.2886 0 0 0
43 0 0 0 -1527.003 -1219.9 -5239.999 0 0 0
43 0 4096 0 -1021.002 -249.9 -4676.996 0 0 0
43 0 16384 0 -2080.003 -1189.9 -6221.998 0 0 0
43 0 16384 0 -1018.996 -129.9 -4011.003 0 0 0
43 0 16384 0 -2080.003 -1389.9 -6896.998 0 0 0
43 0 16384 0 -2080.003 -1389.9 -6831.998 0 0 0
43 0 16384 0 -759.6248 30.1 -2136.023 0 0 0
43 0 0 0 21.9959 40.10001 -640.0046 0 0 0
43 0 0 0 -794.9962 51.1 -2690.003 0 0 0
43 0 16384 0 -824.2961 -69.9 -2781.003 0 0 0
43 0 8192 0 -829.9965 50.1 -2512.803 0 0 0
43 0 16384 0 -879.9951 10.1 -4869.996 0 0 0
43 0 16384 0 -879.9951 10.1 -4883.996 0 0 0
43 0 16384 0 19.00379 51 -1888.003 0 0 0
43 0 16384 0 19.00379 51 -1903.003 0 0 0
43 0 0 0 -261.2149 90.2 -1099.996 0 0 0
43 0 49152 0 -659.9951 -99.9 -5019.996 0 0 0
43 0 16384 0 -49.99543 40.1 32.00168 0 0 0
43 0 16384 0 -49.99543 40.20001 -149.9983 0 0 0
43 0 16384 0 -49.99543 40.2 -127.9983 0 0 0
43 0 16384 0 -49.99543 40.2 -42.99833 0 0 0
43 0 49152 0 -659.9951 -99.9 -5034.996 0 0 0
43 0 16384 0 -359.9955 90.1 -660.0024 0 0 0
43 0 32768 0 -937.9951 60.1 -5044.996 -0.1 0 0
43 0 32768 0 -958.295 60.1 -5045.096 -0.1 0 0
43 0 16384 0 -2079.992 -799.9 -5560.997 0 0 0
43 0 49152 0 220.0038 -29.9 -1150.803 0 0 0
43 0 16384 0 -1018.996 -129.9 -3998.003 0 0 0
43 0 16384 0 -1018.996 -129.9 -3935.003 0 0 0
43 0 16384 0 -1018.996 -129.9 -3899.003 0 0 0
43 0 16384 0 -1819.003 -1219.9 -5137.999 0 0 0
43 0 16384 0 -1018.996 -129.9 -3809.003 0 0 0
43 0 16384 0 -2018.102 -819.9 -5073.997 0 0 0
43 0 8192 0 -812.9965 50.1 -2512.803 0 0 0
43 0 16384 0 -2080.102 -799.89 -5153.997 0 0 0
43 0 16384 0 -919.9965 -29.9 -3010.003 0 0 0
43 0 32768 0 -1019.295 60.1 -5045.096 -0.1 0 0
43 0 16384 0 -940.0964 -129.9 -3363.003 0 0 0
43 0 16384 0 -939.9965 -129.9 -3350.003 0 0 0
43 0 16384 0 -824.2961 -69.9 -2799.003 0 0 0
43 0 16384 0 -824.2961 -69.9 -2816.003 0 0 0
43 0 16384 0 -2018.102 -819.9 -5058.997 0 0 0
43 0 16384 0 -2018.102 -819.9 -5043.997 0 0 0
43 0 0 0 -783.9962 -109.9 -3248.003 0 0 0
43 0 0 0 -811.9962 50.1 -2690.003 0 0 0
43 0 16384 0 -939.9965 70.1 -2668.003 0 0 0
43 0 16384 0 -939.9965 70.1 -2683.003 0 0 0
43 0 0 0 -767.9962 -109.9 -3248.003 0 0 0
43 0 0 0 -753.9962 -109.9 -3248.003 0 0 0
43 0 16384 1039 -680.0962 -169.9096 -2980.003 0 0 0
43 0 16384 1039 -680.0962 -169.9096 -2964.003 0 0 0
43 0 16384 0 -1819.003 -1219.9 -5120.099 0 0 0
43 0 16384 0 -2080.003 -1189.9 -6114.998 0 0 0
43 0 49152 0 220.0038 -29.9 -1134.803 0 0 0
43 0 16384 0 80.00379 20.1 -1292.003 0 0 0
43 0 32768 0 -243.9962 130.1 -1990.003 0 0 0
43 0 16384 0 80.00379 20.1 -1306.003 0 0 0
43 0 16384 0 -919.9965 -29.9 -2996.003 0 0 0
43 0 16384 0 -359.9977 90.1 -1037.003 0 0 0
43 0 16384 0 -2080.003 -1389.9 -7020.998 0 0 0
44 65448 0 0 -1930.001 -1229.857 -5519.996 32 50 47.04995
44 0 49152 64497 -189.9996 -120.3011 -2160.002 4 60 2
44 0 16384 0 -1639.998 -1220 -5129.997 3 60 2
44 0 16384 0 -1469.998 -1220 -5209.997 3 60 2
44 0 16384 0 -1639.998 -1220 -5089.997 3 60 2
44 0 0 0 -630.0041 -70 -2639.998 0 4 0
44 0 0 0 -630.0041 -70 -2559.998 0 4 0
44 0 49152 0 -524.9955 29.7 -2064.996 0 0 0
44 0 49152 0 -524.9955 29.7 -2024.996 0 0 0
44 0 0 0 -629.9999 -171 -3070.001 0 0 0
44 0 0 0 -670.0041 -70 -2559.998 0 4 0
44 0 49152 0 -599.9992 -141 -2140.005 4 60 2
44 0 49152 0 -599.9992 -141 -2180.005 4 60 2
44 0 49152 64497 -139.9996 -120.3011 -2160.002 4 60 2
44 0 49152 64497 -139.9996 -120.3011 -2120.002 4 60 2
44 0 49152 0 -549.9992 -141 -2140.005 4 60 2
44 0 49152 0 -549.9992 -141 -2180.005 4 60 2
44 65448 0 0 -1890.001 -1229.857 -5519.996 32 50 47.04995
44 0 49152 64497 -189.9996 -120.3011 -2120.002 4 60 2
44 0 0 0 -670.0041 -70 -2639.998 0 4 0
44 0 0 0 -669.9999 -171 -3070.001 0 0 0
45 0 16384 0 -359.9977 90 -1059.003 0 0 0
45 0 16384 0 -1840.003 -1219.9 -5278.998 0 0 0
45 0 16384 64497 -759.9962 -69.90037 -2725.003 0 0 0
45 0 16384 0 -2080.102 -799.9 -5251.997 0 0 0
45 0 16384 0 -1018.996 -129.9 -4039.003 0 0 0
45 0 16384 0 -1860.003 -1189.9 -5968.998 0 0 0
45 0 16384 0 -1800.003 -1199.9 -5805.998 0 0 0
45 0 0 0 -96.09612 70.1 -499.2886 0 0 0
45 0 16384 0 -838.9965 -129.9 -3320.003 0 0 0
45 0 16384 0 -684.9962 -69 -2537.003 0 0 0
45 0 16384 0 119.0038 50.1 -1523.003 0 0 0
45 0 16384 0 -683.9962 -139.9 -2185.003 0 0 0
45 0 16384 0 -1860.003 -1189.9 -6258.998 0 0 0
45 0 0 0 170.0038 20.1 -1470.003 0 0 0
45 0 16384 0 49.99693 40.1 -469.995 0 0 0
45 0 49152 0 -260.0045 90.1 -681.311 0 0 0
45 0 16384 0 -821.9951 60.1 -5124.996 0 0 0
45 0 16384 0 -659.9951 -99.8 -4849.996 0 0 0
45 0 16384 64497 -697.0964 29.99962 -2484.003 0 0 0
45 0 16384 0 -1860.003 -1229.9 -5698.998 0 0 0
45 0 16384 0 -1019.966 -249.9 -4414.972 0 0 0
45 0 16384 64497 -619.9962 -169.9004 -2935.003 0 0 0
45 0 16384 0 120.0038 50.1 -1929.003 0 0 0
45 0 32768 0 -179.9962 130 -2090.003 0 0 0
45 0 0 0 -621.51 -139.9 -3217.585 0 0 0
45 0 0 0 -682.0951 -99.9 -5180.397 0 0 0
45 0 0 0 -527.9962 30.1 -2108.063 0 0 0
45 0 49152 0 -2079.892 -799.9 -5630.997 0 0 0
46 0 16384 0 -713.9965 -250.3 -4633.003 0 0 0
46 0 16384 0 -351.0026 90 -679.9973 0 0 0
46 0 49152 0 105.9038 19.5 -1367.303 0 0 0
46 0 49152 0 -1851.019 -820.2002 -5047.428 0 0 0
46 0 0 0 -1679.003 -1220 -5139.999 0 0 0
46 0 49152 0 -774.9951 -100.4 -5169.996 0 0 0
46 0 32768 0 -930.0964 -130.5 -3492.003 0 0 0
46 0 49152 0 70.00269 50 -1490.001 0 0 0
46 0 32768 0 -757.9951 -100.4 -4929.996 0 0 0
46 0 32768 0 -871.9951 10 -5008.996 0 -0.1 0
46 0 0 0 -559.8715 29.7 -2035.22 0 0 0
46 0 0 0 -526.8356 -140 -2186.367 0 0 0
46 0 16384 0 -2030.002 -800.3899 -5227.997 0 0 0
46 0 0 0 -710.0009 180 -1999.998 30 4 0
46 0 32768 0 -707.9962 49.60001 -2681.203 0 0 0
46 0 49152 0 -1930.003 -1231 -5588.998 0 0 0
46 61440 0 0 -722.5961 -110.85 -3226.003 0 0 0
46 0 16384 64497 109.0038 -0.0003796387 -1196.803 0 0 0
46 0 49152 0 -2069.992 -799.9 -5660.997 0 0 0
46 0 0 0 -724.998 29.7 -2164.257 0 0 0
46 0 49152 0 -1920.003 -1231 -5848.998 0 0 0
46 0 0 0 -1780.003 -1220 -5159.999 0 0 0
46 0 16384 0 69.99503 50 -1900.002 0 0 0
46 0 49152 0 -899.9951 60 -5089.996 0 0 0
46 0 16384 1039 -346.0186 -124.3019 -2000.222 0 0 0
46 0 32768 0 -240.0005 90 -548.9971 0 0 0
46 0 32768 0 -990.9965 -250.29 -4565.003 0 0 0
46 0 0 0 84.62984 -30.4 -1008.003 0 0 0
46 0 49152 0 -818.9962 -140 -3147.003 0 0 0
46 57248 49152 65363 -2011.003 -1190.348 -6178.998 0 0 0
46 0 49152 0 -818.2961 -70 -2895.003 0 0 0
46 0 0 0 -243.2149 89.7 -1079.996 0 0 0
46 0 0 0 -1720.003 -1220.3 -5079.999 0 0 0
46 0 49152 0 -859.9965 69.69999 -2626.003 0 0 0
46 0 49152 0 -909.9965 -30 -3036.003 0 0 0
47 60700 0 0 -1859.963 -1204.499 -6318.998 0 0 0
47 0 0 0 -839.9965 -129.9 -3274.003 0 0 0
47 60700 0 0 -839.8163 -42.8415 -3076.003 0 0 0
47 60700 0 0 -619.896 -112.4015 -2785.003 0 0 0
47 0 0 0 -919.9965 -249.9 -4418.003 0 0 0
47 60700 32768 0 -940.2966 37.0985 -2815.903 0 0 0
47 0 1040 0 -841.6461 -129.8701 -3466.003 0 0 0
47 60700 0 0 -919.886 -218.8415 -4228.003 0 0 0
47 0 0 0 50.09693 40.1 -49.99501 0 0 0
47 0 16384 0 200.0038 20.1 -1470.003 0 0 0
47 0 32768 0 -679.9962 -169.9 -2935.003 0 0 0
47 60716 33024 512 -2080.163 -1329.499 -6568.998 0 0 0
47 0 32768 0 -50.00307 40.1 100.005 0 0 0
47 0 32768 0 80.00379 20 -1334.003 0 0 0
47 0 16384 0 -959.9951 60.1 -5179.996 0 0 0
47 0 16384 0 -760.9962 50.1 -2690.003 0 0 0
47 60700 32768 0 -1020.097 -143.9015 -4078.003 0 0 0
47 0 32768 0 -999.9965 130.1 -3018.003 0 0 0
47 60700 0 0 -919.8763 -168.7915 -4127.922 0 0 0
47 0 32768 0 -50.00307 40.1 -199.995 0 0 0
47 0 32768 0 -50.00307 40.1 0.004989624 0 0 0
47 60700 0 0 -1860.003 -1354.349 -6618.998 0 0 0
47 0 32768 0 -760.0264 30.11 -2072.923 0 0 0
47 60700 0 0 -619.7963 -162.4415 -2885.003 0 0 0
47 60700 32768 0 -940.2666 -112.9515 -3215.993 0 0 0
47 0 0 0 -1860.003 -1389.9 -7018.998 0 0 0
47 0 0 0 49.99693 40.1 -150.095 0 0 0
47 0 32768 0 -939.9965 -129.9 -3416.003 0 0 0
47 0 0 0 -1860.003 -1229.9 -5748.998 0 0 0
47 0 0 0 49.99693 40.1 -249.895 0 0 0
47 1382 0 0 -619.9962 -124.4329 -2316.003 0 0 0
47 0 0 0 220.0038 -29.9 -1185.803 0 0 0
47 60668 32768 0 -680.0465 -85.80141 -2733.501 0 0 0
47 60700 32768 0 -940.1967 -12.9415 -2916.003 0 0 0
47 60668 32768 0 -680.1964 -137.1114 -2835.003 0 0 0
47 0 32768 0 20.00379 50.1 -1414.003 0 0 0
47 0 0 0 -919.9965 -129.9 -3918.003 0 0 0
47 60684 32768 176 -2080.093 -1229.339 -6369.027 0 0 0
47 0 49152 0 -799.9962 -139.9 -3100.003 0 0 0
47 0 16384 0 -249.9962 130.1 -2090.003 0 0 0
47 60700 32768 0 -2080.151 -815.4384 -5720.997 0 0 0
47 0 16384 0 -40.0041 40 -640.0046 0 0 0
47 0 49152 0 -804.9951 -89.9 -4739.996 0 0 0
47 65499 32736 0 -1019.966 -249.67 -4378.072 0 0 0
47 0 49152 0 -270.9962 130.1 -1990.003 0 0 0
47 0 49152 0 -709.9962 -139.9 -3100.003 0 0 0
47 0 0 0 49.99693 40.1 -609.995 0 0 0
47 0 0 0 -619.9962 -139.9 -3130.003 0 0 0
47 60700 0 34 -1979.911 -924.9084 -5939.997 0 0 0
47 0 0 0 -659.9951 -99.9 -5089.996 0 0 0
47 0 16384 0 -1980.003 -1389.9 -7089.998 0 0 0
47 0 16384 0 -560.9962 30.1 -2110.063 0 0 0
47 60700 0 0 -1860.093 -1254.419 -6418.998 0 0 0
47 60700 0 0 -1979.901 -824.8984 -5739.997 0 0 0
47 0 32768 0 20.00379 50.1 -1519.003 0 0 0
47 0 32768 0 -50.00307 40.1 -299.995 0 0 0
47 0 49152 62181 -99.99622 110.0387 -1989.933 0 0 0
47 0 32768 0 20.00379 50.1 -1829.003 0 0 0
47 0 33792 0 -1012.697 -129.5702 -3778.003 0 0 0
47 0 32768 0 -2079.992 -799.9 -5589.997 0 0 0
47 0 49152 0 133.6298 -29.9 -1000.003 0 0 0
47 0 0 0 -659.9951 -89.9 -4785.996 0 0 0
47 0 32768 0 -759.9962 30.1 -2466.003 0 0 0
47 0 16384 62181 -59.99622 96.68538 -2090.083 0 0 0
47 0 49152 0 -904.9951 -89.9 -4739.996 0 0 0
47 0 32768 0 -879.9951 10.1 -4959.996 0 -0.1 0
47 0 0 0 -919.9965 -129.9 -4018.003 0 0 0
47 0 32768 0 -2080.102 -799.9 -5119.997 0 0 0
47 0 49152 60656 -23.2149 -13.36475 -999.7764 0 0 0
47 0 49152 0 -989.9951 60.1 -5039.996 0 0 0
47 0 49152 0 -620.9962 180.1 -1970.003 0 0 0
47 0 16384 0 -859.9951 60.1 -5179.996 0 0 0
47 1382 0 0 -619.9962 -136.4329 -2226.003 0 0 0
47 0 32768 0 -939.9951 -89.9 -4809.996 0 0 0
47 0 49152 0 -704.9951 -89.9 -4739.996 0 0 0
47 3360 0 12 -619.896 -94.57599 -2426.003 0 0 0
47 0 0 0 -759.9962 -69.9 -2825.003 0 0 0
47 0 32768 0 -679.9962 -169.9 -3045.003 0 0 0
47 0 0 0 220.0038 -29.9 -1055.803 0 0 0
47 0 32768 0 -359.9977 90 -557.0027 0 0 0
47 0 49152 62181 -123.9041 54.74804 -539.9647 0 0 0
47 0 16384 0 -660.9962 30.11 -2109.993 0 0 0
47 0 49152 0 -277.2278 90.1 -539.9965 0 0 0
47 60700 0 0 -839.8663 -87.84151 -3166.003 0 0 0
47 0 0 0 -679.9965 -249.9 -4690.003 0 0 0
47 60700 0 0 -839.8962 17.21867 -2855.903 0 0 0
47 0 0 0 -699.9962 50.1 -2646.003 0 0 0
47 60700 32768 0 -939.9965 -78.10155 -3146.373 0 0 0
47 0 16384 0 -1862.002 -819.9 -5179.997 0 0 0
47 0 49152 0 -1069.995 60.1 -5039.996 0 0 0
47 0 49152 0 -1872.002 -819.9 -4999.997 0 0 0
47 0 0 0 49.99693 40.1 50.00499 0 0 0
47 0 0 0 -1800.003 -1199.9 -5838.998 0 0 0
47 0 32768 0 -939.9965 -129.9 -3316.003 0 0 0
47 0 32768 0 -2080.003 -1189.9 -6158.998 0 0 0
47 0 64480 0 -923.1964 -129.9 -3818.003 0 0 0
47 0 32768 0 -359.9977 90 -627.0027 0 0 0
47 0 16384 0 50.00378 80.1 -2090.003 0 0 0
47 0 49152 0 -1932.002 -819.9 -4999.997 0 0 0
47 0 0 0 -699.9962 50.1 -2536.003 0 0 0
47 0 49152 0 -184.9962 130 -1990.003 0 0 0
47 0 16384 62181 -109.004 49.78801 -640.0648 0 0 0
47 0 49152 62181 -189.2944 76.53147 -539.9447 0 0 0
47 0 32768 0 -50.00307 40.1 -379.995 0 0 0
47 0 16384 62181 -178.9841 73.09469 -640.155 0 0 0
47 65382 16384 60612 16.7851 -33.62357 -1100.096 0 0 0
47 0 0 0 -759.9962 -69.9 -2915.003 0 0 0
47 0 16384 0 -323.2149 90.1 -1099.996 0 0 0
47 0 32768 0 -1019.996 -249.89 -4458.003 0 0 0
47 60607 32768 0 -1020.076 -244.42 -4278.804 0 0 0
47 0 32768 0 120.0038 -29.9 -1135.803 0 0 0
47 0 49152 4836 -1240.003 -1074.831 -5059.879 0 0 0
47 60700 0 0 -1979.901 -874.8984 -5839.997 0 0 0
47 10 16384 4837 -1290.003 -1099.852 -5160.109 0 0 0
47 0 16384 1039 -378.9962 -126.7996 -2170.003 0 0 0
47 0 0 0 -619.9962 -69.9 -2523.003 0 0 0
47 0 16384 4836 -1180.003 -1044.872 -5160.389 0 0 0
47 65519 49152 4945 -1340.303 -1125.28 -5059.901 0 0 0
47 0 0 0 -759.9962 -69.9 -2755.003 0 0 0
47 0 49152 0 -1520.003 -1129.91 -5059.999 0 0 0
47 0 32768 0 -759.9962 30.1 -2165.003 0 0 0
47 0 49152 0 -814.9965 -249.8 -4600.003 0 0 0
47 0 49152 4836 -1140.003 -1024.802 -5059.849 0 0 0
47 0 32768 0 -879.9965 50 -2536.003 0 0 0
47 0 0 0 -839.9965 -29.9 -2976.003 0 0 0
47 0 16384 0 -649.9962 -139.9 -3220.003 0 0 0
47 0 0 0 120.0038 50.1 -1474.003 0 0 0
47 60700 32768 0 -939.9965 -48.11145 -3086.423 0 0 0
47 0 49152 0 -1590.003 -1129.91 -5059.999 0 0 0
47 0 0 0 -1860.003 -1229.9 -5648.998 0 0 0
47 0 32768 0 -50.00307 40.1 -99.995 0 0 0
47 0 0 0 -1979.902 -799.9 -5539.997 0 0 0
47 0 32768 0 -1019.996 -129.9 -3868.003 0 0 0
47 0 49152 60700 -93.47494 21.80745 -999.7964 0 0 0
47 60700 0 0 -1979.891 -974.9284 -6039.997 0 0 0
47 0 16384 0 -1560.003 -1129.9 -5159.999 0 0 0
47 0 0 0 120.0038 80.1 -2020.003 0 0 0
47 0 49152 62181 -29.79622 86.66541 -1989.913 0 0 0
47 0 49152 0 -739.9965 -249.9 -4600.003 0 0 0
47 0 32768 0 -1019.996 -129.9 -3968.003 0 0 0
47 0 49152 60700 -173.0149 61.57743 -999.7864 0 0 0
47 0 16384 60700 -133.2149 41.68745 -1100.066 0 0 0
47 0 0 0 -1860.003 -1229.9 -5548.998 0 0 0
47 0 16384 60700 -203.2149 76.70744 -1100.096 0 0 0
47 0 32768 0 60.00379 0 -1208.803 0 0 0
47 0 0 0 260.0038 20 -1306.003 0 0 0
47 0 32768 0 -759.9962 30.1 -2386.003 0 0 0
47 0 32768 0 -1099.996 -89.9 -4628.003 0 0 0
47 0 0 0 -659.9951 -99.9 -4989.996 0 0 0
47 0 32768 0 -2160.002 -809.9 -5889.997 0 0 0
47 0 16384 0 -1810.003 -1219.9 -5279.998 0 0 0
47 0 16384 0 -1690.003 -1219.9 -5239.999 0 0 0
47 0 16384 62181 -129.9962 120.0787 -2090.073 0 0 0
47 0 0 0 120.0038 50.1 -1889.003 0 0 0
47 0 16384 0 -2159.807 -840 -6019.299 2 0 0
47 0 49152 0 -2159.807 -840 -6020 2 0 0
47 0 0 0 -679.9965 -249.9 -4619.003 0 0 0
47 0 16384 0 -278.9962 -119.9 -2170.003 0 0 0
47 0 32768 0 -939.9965 70.1 -2726.003 0 0 0
47 0 0 0 -919.9965 -249.9 -4518.003 0 0 0
47 0 49152 0 -545.9962 30.1 -1969.913 0 0 0
47 0 49152 0 -738.9962 180.1 -1970.003 0 0 0
47 0 0 0 49.99693 40.09997 -430.095 0 0 0
47 0 49152 0 -678.9962 180.1 -1970.003 0 0 0
47 0 32768 0 -359.9977 90.1 -1007.003 0 0 0
47 0 16384 0 -1490.003 -1129.9 -5159.999 0 0 0
47 0 16384 0 -1059.995 60.2 -5179.996 0 0 0
47 0 0 0 -619.9962 -169.4 -2985.003 0 0 0
47 0 16384 60700 -63.2149 6.70745 -1100.066 0 0 0
47 0 0 0 -619.9962 -69.9 -2604.003 0 0 0
47 0 0 0 -839.9965 -129.9 -3366.003 0 0 0
47 0 0 0 -839.9965 70.1 -2726.603 0 0 0
47 0 32768 0 -939.9965 70.1 -2636.003 0 0 0
47 0 16384 0 -1900.003 -1389.9 -7089.998 0 0 0
47 60700 0 0 -1860.003 -1304.399 -6518.998 0 0 0
47 60700 32768 0 -2080.003 -1379.399 -6668.998 0 0 0
47 0 32768 0 -2080.003 -1389.9 -7068.998 0 0 0
47 0 0 0 49.99693 40.1 -339.895 0 0 0
47 65456 49152 0 -1440.033 -1129.66 -5059.999 0 0 0
47 0 32768 0 -2160.002 -809.9 -5819.997 0 0 0
47 0 49152 0 -889.9965 -249.9 -4600.003 0 0 0
47 0 0 0 -1860.003 -1389.9 -6718.998 0 0 0
47 60700 32768 0 -2080.101 -954.8984 -5999.997 0 0 0
47 0 0 0 -1979.902 -799.9 -5189.997 0 0 0
47 0 32768 0 -2080.002 -799.9 -5219.997 0 0 0
47 0 0 0 -1860.003 -1389.9 -6818.998 0 0 0
47 60700 32768 0 -1020.116 -193.8315 -4178.003 0 0 0
47 0 16384 0 -958.0024 -249.9 -4699.996 0 0 0
47 0 0 0 260.0038 20.1 -1404.003 0 0 0
47 0 32768 0 -1099.996 -89.9 -4498.003 0 0 0
47 0 32768 0 -1099.996 -89.9 -4558.003 0 0 0
47 0 49152 0 -909.9951 60.1 -5039.996 -0.1 0 0
47 0 16384 0 -1940.002 -819.9 -5179.997 0 0 0
47 0 0 0 -1860.003 -1189.9 -6218.998 0 0 0
47 0 0 0 -659.6595 -629.5001 -5110.597 0 0 0
47 0 0 0 -659.9951 -99.9 -4889.996 0 0 0
47 0 16384 0 -1590.003 -1219.9 -5239.999 0 0 0
47 0 32768 0 -879.9951 10.1 -4839.996 0 0 0
47 0 16384 0 -1490.003 -1219.9 -5239.999 0 0 0
47 0 0 0 -1860.003 -1389.9 -6918.998 0 0 0
47 0 32768 0 -2160.002 -809.9 -5954.997 0 0 0
47 0 0 0 -1979.902 -799.9 -5639.997 0 0 0
47 0 49152 0 -1992.002 -819.9 -4999.997 0 0 0
47 0 0 0 -1860.003 -1189.9 -6018.998 0 0 0
47 0 32768 0 -2080.003 -1389.9 -6868.998 0 0 0
47 0 32768 0 -2080.003 -1389.9 -6768.998 0 0 0
47 0 32768 0 -2080.003 -1389.9 -6968.998 0 0 0
47 0 0 0 -1860.003 -1189.9 -5918.998 0 0 0
47 0 32768 0 -2080.003 -1189.9 -6258.998 0 0 0
47 0 0 0 -1860.003 -1189.9 -6118.998 0 0 0
48 0 32768 1039 -479.5918 -137.3591 -1980.345 0 0 0
48 0 49152 0 -820.9962 -110.2 -3175.003 0 0 0
48 0 16384 0 -1979.902 -800.2002 -5229.997 0 0 0
48 0 16384 0 -919.9965 -130.4 -3978.003 0 0 0
48 0 49152 0 -757.9962 180 -2003.003 0 0 0
48 0 32768 1039 -399.5918 -129.2591 -2023.345 0 0 0
48 0 8192 0 -776.2219 50 -2574.973 0 0 0
48 0 49152 0 -757.9962 180 -1982.003 0 0 0
48 0 8192 0 -1961.003 -1190 -6278.998 0 0 0
48 0 8192 0 -1961.003 -1190 -6248.998 0 0 0
48 0 32768 1039 -379.5918 -127.2592 -1993.345 0 0 0
48 0 16384 0 -939.9965 -129.9999 -3284.003 0 0 0
48 0 0 0 150.0038 20 -1470.003 0 0 0
48 0 24576 0 -296.1962 130 -1995.003 0 0 0
48 0 32768 1039 -419.5918 -131.1591 -1990.345 0 0 0
48 0 8192 0 -1901.002 -820 -5142.997 0 0 0
48 0 16384 0 -1958.103 -1230 -5728.998 0 0 0
48 0 16384 0 -1958.103 -1230 -5698.998 0 0 0
48 0 0 0 -724.0951 -100.32 -5181.397 0 0 0
48 0 16384 0 23.53502 80 -1964.682 0 0 0
48 0 0 0 -744.0951 -100.32 -5181.397 0 0 0
48 0 32768 0 -1554.003 -1130 -5059.999 0 0 0
48 0 0 0 -772.9965 -249.9999 -4715.003 0 0 0
48 0 0 0 -690.9965 -249.9999 -4715.003 0 0 0
48 0 32768 0 -1729.003 -1220 -5139.999 0 0 0
48 0 32768 0 -1793.21 -1220 -5083.979 0 0 0
48 0 49152 0 -757.9962 180 -2024.003 0 0 0
48 0 8192 0 -755.9962 -140.3 -3100.003 0 0 0
48 0 8192 0 70.00379 49.9 -1391.003 0 0 0
48 0 9232 0 -841.6461 -130 -3509.003 0 0 0
48 0 16384 0 -1957.105 -1230 -5788.934 0 0 0
48 0 0 0 -49.99998 69.7 -492.9998 0 0 0
48 2054 32768 625 -439.5918 -133.2369 -2016.345 0 0 0
48 0 16384 0 120.0038 -29.9 -1163.803 0 0 0
48 0 32768 1039 -459.5918 -135.3591 -2012.345 0 0 0
48 0 24576 0 -288.9962 -120 -2120.003 0 0 0
48 0 16384 0 -994.9965 130 -2978.003 0 0 0
48 0 16384 0 -2100.102 -810.3002 -5922.997 0 0 0
48 0 24576 0 -296.1962 130 -2085.003 0 0 0
48 0 0 0 -354.2149 89.8 -1099.996 0 0 0
48 0 32768 0 -917.9951 -90 -4857.996 0 0 0
48 0 16384 0 -919.9965 -250.4 -4457.003 0 0 0
48 0 16384 0 -815.2961 -70 -2937.003 0 0 0
48 0 16384 0 -2100.102 -810.3002 -5902.997 0 0 0
48 0 16384 0 -1862.204 -1190.1 -6078.998 0 0 0
48 0 16384 0 -1009.995 60 -5149.996 0 0 0
49 0 32768 1039 -419.5918 -131.1591 -2020.345 0 0 0
49 0 16384 0 -1958.103 -1230 -5808.998 0 0 0
49 0 16384 0 -1029.995 60 -5149.996 0 0 0
49 0 16384 0 -939.9965 -129.9999 -3255.003 0 0 0
49 0 8192 0 -771.9962 -140.3 -3100.003 0 0 0
49 0 16384 0 -253.3149 89.39999 -991.9963 0 0 0
49 0 16384 1039 60.00379 -0.199621 -1268.803 0 0 0
49 0 32768 0 -580.9962 30 -1969.913 0 0 0
49 2054 32768 625 -439.5918 -133.2369 -1986.345 0 0 0
49 0 32768 1039 -459.5918 -135.3591 -1982.345 0 0 0
49 0 32768 1039 -399.5918 -129.2591 -1993.345 0 0 0
49 0 32768 1039 -379.5918 -127.2592 -2023.345 0 0 0
49 0 32768 0 -1678.279 -1220 -5083.739 0 0 0
49 0 8192 0 -1886.002 -820 -5127.997 0 0 0
49 0 8192 0 -1917.002 -820 -5157.997 0 0 0
49 0 8192 0 -1886.002 -820 -5157.997 0 0 0
49 0 8192 0 -1917.002 -820 -5127.997 0 0 0
49 0 24576 0 -1656.778 -1220 -5179.225 0 0 0
49 0 8192 0 -776.2219 50 -2594.973 0 0 0
49 4096 24576 0 -666.0958 -630 -5148.996 0 0 0
49 0 16384 0 -1009.995 60 -5169.996 0 0 0
49 0 32768 0 -1753.828 -1220 -5192.045 0 0 0
49 0 32768 1039 -479.5918 -137.3591 -2010.345 0 0 0
49 0 16384 0 -1958.103 -1230 -5768.998 0 0 0
49 0 16384 0 120.0038 50 -1810.003 0 0 0
49 0 49152 0 -821.0962 -110 -3188.003 0 0 0
49 4096 24576 0 -691.0958 -630 -5173.996 0 0 0
49 0 8192 0 -776.2219 50 -2554.973 0 0 0
49 0 0 0 37.9959 39.80002 -640.0046 0 0 0
49 0 16384 0 -1862.204 -1190.1 -6056.998 0 0 0
49 0 16384 0 -1958.103 -1230 -5748.998 0 0 0
49 0 8192 0 -1961.003 -1190 -6218.998 0 0 0
49 0 16384 0 -2100.102 -810.3002 -5942.997 0 0 0
49 0 16384 0 -918.9965 -130.4 -3957.003 0 0 0
49 0 16384 0 -989.9951 60 -5149.996 0 0 0
49 0 16384 0 -1009.995 60 -5129.996 0 0 0
49 0 8192 0 -756.2219 50 -2574.973 0 0 0
49 0 8192 0 -796.2219 50 -2574.973 0 0 0
49 4096 24576 0 -666.0958 -630 -5173.996 0 0 0
49 0 16384 0 -1978.902 -800.2002 -5250.997 0 0 0
49 0 16384 0 -919.9965 -250.4 -4477.003 0 0 0
49 0 24576 0 -691.0958 -630 -5148.996 0 0 0
49 0 8192 0 86.90379 49.9 -1391.003 0 0 0
49 0 8192 0 -739.9962 -140.3 -3100.003 0 0 0
49 0 0 0 -704.0951 -100.32 -5181.397 0 0 0
49 0 16384 0 -939.9965 -129.9999 -3270.003 0 0 0
4A 0 32768 0 -1475.999 -560 -5109.999 3 0.4999961 0
4A 0 32768 0 -1395.999 -419 -5109.999 3 0.4999961 0
4A 0 49152 0 -1000.003 99.99936 -3410 3 2 79.99999
4A 0 0 0 -2159.998 -850 -6029.997 2 0 0
4A 0 49152 0 -1069.998 -100 -4770 0 0.4999961 40
4A 0 16384 0 -990.003 49.99936 -2770 0 0.4999999 79.99999
4A 64768 16384 0 -1265 -495 -5109.966 3 60 2
4A 0 49152 0 -1010.003 109.9994 -3140 3 10 79.99999
4A 0 49152 0 -1040.003 79.99936 -3270 3 2 79.99999
4A 0 32768 0 -1315.999 -269 -5109.999 3 0.4999961 0
4A 0 32768 0 -1235.999 -119 -5109.999 3 0.4999961 0
4A 0 32768 0 -1572.027 -562.0599 -5110.003 0 0.799996 100
4A 0 49152 0 -1040.003 89.99936 -2900 0 0.4999999 79.99999
4A 0 32768 0 -1155.999 31 -5109.999 3 0.4999961 0
4A 0 32768 0 -993.4908 -70 -4844.45 0 0.4999961 70
4A 0 32768 0 -936.7989 -39 -4916.038 3 0.4999961 0
4B 0 0 0 -729.998 30 -2199.998 0 0 0
4B 0 49152 0 -1830 -819.9966 -5121.996 3 60 2
4B 0 49152 0 -589.9989 180 -2000.005 0 0 0.03999329
4B 0 32768 0 -729.998 30 -2349.998 0 0 0
