0 0 0 0 -10113.35 -6985.376 -15946.11 0 0 0
0 0 0 0 -10147.18 -7032.376 -15983.67 0 0 0
0 0 0 0 -9887.904 -6950.763 -16587.06 0 0 0
0 0 0 0 -6658.617 -4548.211 -7292.803 0 0 0
0 0 0 0 -8374.604 -6844.002 -16153.32 0 0 0
0 0 0 0 -9852.39 -6973.763 -16558.38 0 0 0
0 0 0 0 -9982.984 -7122.854 -17364.09 0 0 0
0 0 0 0 -6668.617 -4558.808 -7322.803 0 0 0
0 0 0 0 -9978.85 -7117.737 -17388.68 0 0 0
0 0 0 0 -8276.159 -6828.437 -16060.47 0 0 0
0 0 0 0 -10002.07 -7134.859 -17278.95 0 0 0
0 0 0 0 -8253.364 -6823.965 -16033.2 0 0 0
0 0 0 0 -8237.522 -6820.591 -16005.57 0 0 0
0 0 0 0 -10062.78 -6953.376 -15905.57 0 0 0
0 0 0 0 -10092.54 -6972.376 -15929.5 0 0 0
0 0 0 0 -9928.341 -6938.763 -16616.53 0 0 0
0 0 0 0 -10037.45 -6943.376 -15887.68 0 0 0
0 0 0 0 -8318.96 -6835.396 -16108.73 0 0 0
0 0 0 0 -10130.28 -7009.376 -15963.67 0 0 0
0 0 0 0 -6431.765 -4511 -10079.88 0 0 0
0 0 0 0 -9908.444 -6942.763 -16601.27 0 0 0
0 0 0 0 -6658.617 -4530.601 -7262.803 0 0 0
0 0 0 0 -8298.343 -6832.011 -16088.1 0 0 0
0 0 0 0 -8209.629 -6813.343 -15952.43 0 0 0
0 0 0 0 -8346.148 -6840.041 -16130.32 0 0 0
0 0 0 0 -9869.972 -6958.763 -16572.82 0 0 0
0 0 0 0 -6668.617 -4530.601 -7262.803 0 0 0
0 0 0 0 -6668.617 -4548.211 -7292.803 0 0 0
0 0 0 0 0 0 0 0 0 0
0 0 0 0 -6224.765 -4511 -10079.88 0 0 0
0 0 0 0 -6658.617 -4558.808 -7322.803 0 0 0
0 0 0 0 -6668.617 -4563.841 -7352.803 0 0 0
0 0 0 0 -9994.187 -7132.308 -17308.02 0 0 0
0 0 0 0 -8224.68 -6817.515 -15982.24 0 0 0
0 0 0 0 -9986.968 -7127.359 -17336.48 0 0 0
0 0 0 0 -6658.617 -4563.841 -7352.803 0 0 0
1 0 16384 0 -4613.709 -2877.938 -4646.754 10 4.883111E-05 5
1 0 0 0 -6432.999 -5055.017 -11135.02 10.01 1.528114E-05 3
1 0 0 0 -6664.997 -2779.004 -5103.883 15 1.000046 4
1 0 49152 0 -6406.236 -4517 -10056.98 6 0 3
1 0 16384 0 -567.9989 -1162.688 -4443.997 24 4.577637E-05 5
1 54640 0 0 -5.004454 -528.2255 -2135.293 25 0 8
1 0 49120 0 -989.5853 -806.9961 -4101.644 20 0 4
1 0 0 0 -4999.999 -2702 -4429.069 15 4.577637E-05 4
1 0 0 0 -8175.001 -6245.004 -14604 16 0 4
1 54640 0 0 4.995546 -528.2255 -2135.293 25 0 8
1 0 32768 0 -1497.576 -910 -4353.611 15 0 6
1 54640 16384 0 -3420 -910.2318 -4454.998 25 0 8
1 0 0 0 5.00473 -390 -1126.587 20 0 3
1 0 16384 0 -6639.998 -5005 -11900 20 4.577637E-05 6
1 54640 8 0 -6669.003 -3450.095 -6624.081 20 4.577637E-05 8
1 54640 0 0 -8377.005 -5371.059 -12975.16 25 4.577637E-05 8
1 54016 0 0 -6431.765 -4519 -10089.88 10 0 2
1 0 16384 0 -7751.002 -5105 -11975 20 0.800045 4
1 54640 8 0 -6659.003 -3450.095 -6624.081 20 4.577637E-05 8
1 16384 32768 0 -8215.858 -6511 -13361.21 20 1.525879E-05 7
1 0 0 0 -0.004947662 10 -1429.587 20 0 6
1 0 49184 0 -1228.612 -812.9961 -4100 20 6 8
1 54640 16384 0 -3420 -910.2318 -4444.998 25 0 8
1 54016 0 0 -6224.765 -4519 -10089.88 10 0 2
1 0 16384 0 -6639.998 -5005 -11910 20 4.577637E-05 6
1 16384 49152 0 -3700.998 -1871 -4605.754 20 0 8
1 0 0 0 -6327.996 -5055.004 -10185.84 15.01 1.528114E-05 5
1 0 0 0 -4.99527 -390 -1126.587 20 0 3
1 0 0 0 -0.3258533 -1160.034 -3578.744 20 0 5
1 54640 0 0 -8367.005 -5371.059 -12975.16 25 4.577637E-05 8
1 32768 49152 0 -6252.236 -4517 -10056.98 6 0 3
1 0 0 0 -5009.999 -2702 -4429.069 15 4.577637E-05 4
1 0 16384 0 -567.9989 -1162.688 -4451.997 24 4.577637E-05 5
1 0 0 0 -6422.999 -5055.017 -11135.02 10.01 1.528114E-05 3
4 65535 0 0 -8174.013 -6455 -14512.91 30 3 0
4 56320 13132 0 -8173.029 -6709 -13709.98 51 2.8 1
4 5953 12660 41942 -4444.294 -2414.169 -4657.254 100 5.000046 -4450
4 216 16756 46397 -4448.375 -2779.3 -4645.621 100 5.000046 -4450
4 58368 33751 0 -8172.325 -6394 -14328.25 70 4 1
4 59036 12660 22080 -4244.24 -2654.169 -4637.468 100 5.000046 -4450
4 58413 12660 22275 -4241.143 -2250.169 -4637.753 100 5.000046 -4450
4 0 0 1 -6396.607 -3306.7 -4987 33 3 0
4 1531 3724 11836 -4239.302 -2113.9 -4664.996 100 5.000046 -4450
4 48131 32768 0 -6431.578 -5057 -7639.222 15 5.5 0
4 48131 32768 0 -6223.678 -5057 -7639.222 15 5.5 0
4 0 0 1 -6396.607 -3306.7 -5107 33 3 0
4 64833 0 0 -6665.633 -3101 -5012.605 50 4.5 1
4 0 0 1 -6601.385 -3101 -5137.71 45 5 0
4 572 3724 11807 -4239.302 -2113.9 -4644.996 100 5.000046 -4450
4 5673 12660 40976 -4447.368 -2024.169 -4638.662 100 5.000046 -4450
4 64303 0 0 -6327.351 -5117 -8578.052 55 2 0
4 0 0 1 -6396.607 -3306.7 -5047 33 3 0
4 9206 65164 19345 -4357.465 -2750.422 -4747.094 100 5.000046 -4450
4 33064 16384 48771 -4237.04 -2870.346 -4639.659 27 7 1
4 58880 32768 0 -6330.004 -5009 -8455.825 60 2.500045 35
4 58307 12660 40055 -4327.775 -2546.169 -4546.163 100 5.000046 -4450
4 0 36864 43520 -6702.746 -3174.544 -5046.625 20 2.000049 0
4 65288 3724 11806 -4239.302 -2113.9 -4624.996 100 5.000046 -4450
4 58996 12660 42211 -4354.355 -2143.169 -4545.536 100 5.000046 -4450
4 7206 12660 22869 -4340.242 -2334.169 -4746.557 100 5.000046 -4450
5 0 32768 0 -1494.095 -920 -4155.503 0.5 25 1
5 0 0 0 49.99781 -400 -1247 6 55 0
5 0 16384 0 -4746.547 -2912 -4646.754 0 28 -4450
5 0 0 0 -50.00219 -400 -1247 6 55 0
5 0 0 0 -6327.774 -4762.014 -9944.704 2 40 -6050
5 0 49152 0 -833.9996 -820.0001 -4095.102 -0.1999998 30 6
5 0 0 0 -0.002186179 -400 -1247 6 55 0
7 0 33024 0 -6217.566 -5452.001 -11387.48 7 0 33
7 0 49152 0 -7650.003 -5206.499 -11935 7 0 93
7 0 33024 0 -6237.566 -5304.099 -11387.48 7 0 33
7 0 35580 0 -8154 -6705 -13644.67 8 60 93
7 5461 32768 0 -9975.004 -7194.123 -17640.92 12 60 100
7 0 32768 0 -8174.1 -6704.8 -13640.77 8 60 93
7 0 49152 0 -4038 -2062 -4607 5 30 0
7 0 49152 60160 -890.0007 -1213.239 -4429.998 13 60 0
7 64768 32768 0 -8391.814 -5226.951 -12705.49 8 20 3
7 5461 32768 0 -9995.004 -7119.224 -17640.92 12 60 100
7 0 49152 0 -7650.003 -5212.601 -11975 7 0 93
7 64768 32768 0 -8391.814 -5313.665 -12735.49 8 20 3
7 32768 15104 0 -3920.377 -1441.817 -4529.917 8 0 -4450
7 0 32768 0 -30.4138 -1339.5 -2728.017 16 60 0
7 405 47040 64411 -7105.04 -5296.85 -11965.37 7 0 33
7 5461 32768 0 -9955.004 -7177.124 -17640.92 12 60 100
7 64256 43776 1280 -6556.737 -5441.058 -11439.18 7 0 33
7 0 49152 0 -4038 -2062 -4667 5 30 0
7 0 49152 0 -6589.996 -5118.901 -11885 7 0 93
7 0 49152 60160 -890.0007 -1240.838 -4449.998 13 60 0
7 32768 15104 0 -3925.377 -1441.817 -4569.917 8 0 -4450
7 64512 45056 1280 -6548.749 -5713.657 -11454.93 7 0 33
7 64768 32768 0 -8411.814 -5257.75 -12705.49 8 20 3
7 0 49152 60160 -890.0007 -1217.839 -4469.998 13 60 0
7 64512 37868 1109 -6843.806 -5251.332 -11608.57 7 0 33
7 405 48064 64411 -7101.819 -5271.449 -11983.08 7 0 33
7 0 26826 0 -8212.393 -6705 -13657.16 8 60 93
7 0 32768 0 0.001889125 -1209.999 -3778 11 10 5
7 32768 15104 0 -3922.377 -1441.817 -4549.917 8 0 -4450
7 64768 32768 0 -8351.814 -5159.463 -12735.49 8 20 3
7 64768 32768 0 -8331.814 -5186.75 -12705.49 8 20 3
7 64512 38892 1109 -6828.715 -5301.333 -11618.38 7 0 33
7 0 49152 0 -4038 -2062 -4647 5 30 0
7 0 32768 0 25.58621 -1334.799 -2728.017 16 60 0
7 64768 32768 0 -8351.814 -5191.151 -12705.49 8 20 3
7 0 49152 0 -4038 -2062 -4627 5 30 0
7 0 49152 6134 -5606.434 -2996.724 -5046.998 7.899998 60 8
7 0 49152 0 -6589.996 -5135.799 -11925 7 0 93
7 0 29765 0 -8194 -6705 -13644.67 8 60 93
7 0 38592 0 -8134.797 -6705 -13657.16 8 60 93
7 64768 32768 0 -8371.814 -5195.966 -12735.49 8 20 3
7 0 49152 0 -4038 -2062 -4687 5 30 0
7 0 49152 0 -6589.996 -5141.9 -11905 7 0 93
7 64768 32768 0 -8371.814 -5236.15 -12705.49 8 20 3
8 0 49152 0 -7573.613 -5114.957 -11955.63 -6680 -2400 -6050
8 0 32768 0 -6664.998 -3286 -6349.926 -6680 -2400 -6050
8 0 49152 0 -2899.996 -472 -4448.997 -2820 -300.7 -4450
9 0 24576 0 -1055.957 -669.987 -4359.493 0 0 -4500
A 0 0 0 -5037.501 -2712.003 -4343.998 3 15.00005 1
B 0 48912 0 -8177.486 -6525.26 -15476.54 4 -6409 -14230
B 0 49665 0 -6679.76 -2727.862 -6065.639 4 1.000046 33
B 0 48912 0 -8152.486 -6525.26 -15476.54 0 -6409 -14230
B 590 16395 65500 -6326.596 -5099.29 -7630.641 4 0 0
B 0 49752 0 -6228.831 -5006.869 -11144.8 2 0 2.999609
B 0 0 0 -4482.367 -2897.948 -4646.754 4 0 0
C 0 29749 0 -4432.211 -2632.145 -4517.985 10 0 0
C 0 29749 0 -4432.211 -2632.145 -4767.985 2 0 0
D 0 571 0 -780.0011 -720.0007 -4099.998 4 0 0
E 0 32768 0 -9969.995 -6973 -18439.98 16 300 100
E 1 0 0 -6328.001 -4500.004 -8849.997 0 0 0
10 1 16384 0 -1889.998 -640.0185 -4596.008 0 3.5 1
10 1 49152 0 -6665.633 -2754.976 -5012.605 0 5.600045 1
10 1 16384 0 -1492.933 -884.0185 -4479.16 0 3.8 1
13 0 49152 0 -6262.536 -5165.001 -11225.7 2 0 2.999609
13 16 0 0 -4055.995 -2112 -4625.002 3.5 3.300001 1
13 0 32768 0 -6347.097 -5095 -8597.057 16 4 -6050
13 0 16384 0 -1934.05 -750 -4392.254 0 0 0
13 0 32768 0 -6347.097 -5115 -8597.057 16 4 -6050
13 0 32769 0 -8194.24 -6455 -14511.9 60 3 6
13 4096 16384 0 -5010.711 -2812.004 -4688.313 0 0 0
13 0 32769 0 -8154.24 -6455 -14511.9 60 3 6
13 0 0 0 -5068.875 -2762.002 -4378.696 0 15.00005 1
13 0 49152 0 -6242.536 -5165.001 -11245.7 2 0 2.999609
13 0 16384 0 -4944.764 -2812.004 -4627.34 0 0 0
13 0 16385 0 -1413.999 -1020 -4350.785 -1 3.300001 1
13 0 16385 0 -1433.899 -1020 -4370.785 -1 3.300001 1
13 0 49152 0 -6340.902 -5115.002 -11247.29 2 0 2.999609
13 0 16384 0 -1934.05 -770 -4392.254 0 0 0
13 0 32769 0 -8174.24 -6455 -14511.9 60 3 6
13 0 16385 0 -1433.899 -1020 -4390.785 -1 3.300001 1
13 0 49152 0 -6360.902 -5115.002 -11227.29 2 0 2.999609
13 0 0 0 -6394.998 -3301 -5047.001 0 4.883111E-05 0
13 0 49152 0 -6360.902 -5115.002 -11207.29 2 0 2.999609
13 0 32769 0 -8184.24 -6455 -14491.9 60 3 6
13 0 16385 162 -1433.899 -1020 -4350.785 0 0.3000007 0
13 0 32768 0 -6347.097 -5115 -8577.057 16 4 -6050
13 0 32768 0 -6327.097 -5115 -8577.057 16 4 -6050
13 0 49152 0 -6262.536 -5165.001 -11245.7 2 0 2.999609
13 0 16385 0 -1433.899 -1020 -4330.785 -1 3.300001 1
13 0 49152 0 -6360.902 -5095.002 -11227.29 2 0 2.999609
13 0 32768 0 -6327.097 -5115 -8597.057 16 4 -6050
13 0 16384 0 -1934.05 -770 -4372.254 0 0 0
13 0 49152 0 -6222.536 -5165.001 -11245.7 2 0 2.999609
13 0 16384 0 -6389.998 -5115 -10170 -6665 -3286 -6269
13 0 32768 0 -6307.097 -5115 -8597.057 16 4 -6050
13 0 32769 0 -8164.24 -6455 -14491.9 60 3 6
13 0 16384 0 -6263.998 -5115 -10170 -6665 -3286 -6269
13 0 16384 0 -6263.998 -5115 -10150 -6665 -3286 -6269
13 0 32769 0 -8174.24 -6435 -14511.9 60 3 6
13 0 16385 0 -1433.899 -1000 -4350.785 -1 3.300001 1
13 0 16385 0 -1433.899 -980 -4350.785 -1 3.300001 1
13 16 0 0 -4055.995 -2112 -4665.002 3.5 3.300001 1
13 0 16385 0 -1433.899 -1000 -4370.785 -1 3.300001 1
14 16 0 161 -4055.995 -2112 -4645.002 3.5 3.300001 1
14 0 0 0 -1035.598 -670.0038 -4437.774 3 10 -4500
14 0 16384 0 -6600.582 -3101 -5117.061 0 6.000046 1
14 0 0 0 -1055.598 -670.0038 -4437.774 3 10 -4500
14 0 32768 0 -6600.582 -3101 -5137.061 0 6.000046 1
14 0 0 0 -1055.598 -670.0038 -4359.774 3 10 -4500
14 0 0 0 -1035.598 -670.0038 -4359.774 3 10 -4500
15 0 32768 0 -2010.005 -670.0038 -4500.003 -2820 -300.7 -4450
15 0 16384 0 -6665.522 -2786.004 -5225.885 -6680 -2300 -6050
15 1 32768 10 -1094.999 -670.0038 -4400 -1878 -550 -4500
19 0 52581 0 -6213.686 -4515 -10069.88 1 0 0
19 0 18084 0 -1077.772 -670.0037 -4377.581 8 10 -4500
19 0 45056 0 -1249.256 -819.9972 -4067.101 3 0 0
19 0 45056 0 -5372.94 -2761.988 -4311.484 5 0 0
19 0 4740 0 -6341.084 -4915 -8993.23 2 0 0
19 0 12288 0 -2964.122 -472 -4480.961 4 0 0
19 0 3815 0 -6355.253 -5115 -9958.778 6 0 0
19 0 11621 0 -6443.632 -4515 -10069.33 0 0 0
1B 0 0 0 -6394.998 -3301 -5067.001 0 4.883111E-05 0
1B 4096 16384 0 -4944.764 -2792.004 -4607.34 0 0 0
1B 0 16384 0 -6290.003 -5065 -10353.57 -6665 -3286 -6269
1B 0 0 0 -6403.902 -4575.002 -10029 28 0 3.999609
1B 0 16384 0 -4964.764 -2812.004 -4607.34 0 0 0
1B 0 16384 0 -4944.764 -2812.004 -4607.34 0 0 0
1B 4096 16384 0 -5030.711 -2792.004 -4688.313 0 0 0
1B 0 16384 0 -6310.003 -5065 -10353.57 -6665 -3286 -6269
1B 4096 16384 0 -5030.711 -2812.004 -4688.313 0 0 0
1B 0 0 0 -6394.998 -3301 -5027.001 0 4.883111E-05 0
1D 60 16384 0 -6223.715 -5078.03 -10876.54 39 20.3 10.5
1D 60 16385 0 -6430.715 -5078.03 -10876.54 39 20 10.1
20 8192 54498 12288 -6341.962 -4552 -10042.98 2 0 0
20 0 42103 0 -4965.21 -2711.992 -4310.999 1 0 0
20 4096 53700 12288 -8256.832 -6448.043 -14341.95 1 0 0
21 33 56880 192 0.005614698 -1265.884 -2685.218 7 0 0
21 33 56162 128 -6285.117 -5114 -10764.62 30 0 0
21 32 13770 160 -1875.989 -750.942 -4641.882 3.5 3.300001 1
21 18 0 80 -63.67626 -400 -511.8798 15 10 10
21 544 38069 0 -72.07518 14.96893 -1348.052 35 0 0
21 32 29074 160 -6460.362 -3100.97 -4977.71 18 0 0
21 33 47879 144 -9900.998 -6999.05 -17998.14 19 0 0
21 16 58382 64 -8174.398 -6605.004 -13997.08 20 0 0
21 530 25965 0 -7379.275 -5098 -11960.87 46 0 0
21 32 46862 96 -6408.775 -5115 -8583.193 14 -0.2 4
21 546 52976 65470 -9074.667 -6995.4 -15726.04 36 0 0
21 17 44223 160 -6263.388 -5165.016 -11245.62 6 0 0
21 33 24575 224 -6745.984 -3220.994 -6164.064 12 0 0
21 16 36741 96 -5010.71 -2811.986 -4687.82 5 3.300001 1
21 33 48307 160 -1615.18 -1020 -4453.156 15 3.300001 1
23 0 49152 0 -6360.902 -5115.002 -11247.29 2 0 2.999609
23 0 16384 0 -5068.875 -2762.002 -4358.696 0 15.00005 1
23 0 49152 0 -1500.005 -1020 -4307.904 0 0 0
25 1 0 0 -6328.003 -4500.005 -8461.998 1 1 1
26 1 0 0 -6328.003 -4510.005 -8631.998 60 13 0
26 1 0 0 -6328.003 -4510.005 -8521.998 60 13 0
2E 0 0 0 -6715.425 -3102 -4943.932 0 0 0
2E 0 0 0 -6814.393 -5143.271 -11623.98 2 0 0
2E 0 0 0 -7104.938 -5130.059 -11951.69 1 0 0
2F 0 0 0 -6351.478 -4877 -9286.717 4.6 7.6 0
2F 0 0 0 -8170.901 -6589.004 -14163.97 7.799999 15.8 0
30 0 32768 0 -5350.758 -2756.003 -4399.071 -7 0 -1
30 0 16384 0 -6327.95 -5124.933 -8611.661 -4.9 14.00002 90
30 0 16384 0 -5004.534 -2741.938 -4567.12 20 10.00005 45
30 0 33155 0 -10025.35 -7104.103 -14862.36 -8 0 10
30 0 56832 0 -6229.223 -5110.601 -8605.925 -5 0 -6
30 0 32256 0 -9023.013 -6893.321 -14863.13 -8 0 10
30 0 16384 0 -3675.928 -1039.417 -4603.701 44 130 0
30 0 32555 0 -6330.46 -5109 -10250.67 35.1 28.00005 144
30 0 16384 0 -3675.928 -1759.417 -4603.701 44 130 0
30 0 31488 0 -5457.964 -2756.003 -4402.428 -7 0 -1
30 0 16384 0 -3675.928 -1489.417 -4603.701 44 130 0
30 0 16384 0 -3675.928 -1219.417 -4603.701 44 130 0
30 0 0 0 -8424.382 -5110 -12668.55 -7 0 2
30 0 49152 0 -2990.611 -467 -4396.016 -7 0 4
30 0 48917 0 -1361.913 -816.0039 -4045.957 -7 0 4
30 0 49152 0 -6327.578 -5213 -9906.123 20.1 74.00002 90
30 0 0 0 -8319.382 -5110 -12668.55 -7 0 2
30 0 49152 0 -2990.611 -467 -4502.016 -7 0 4
30 0 57344 0 -6418.46 -4562.002 -10050.95 0 20 -0.0003910065
30 0 0 0 -6481.309 -5060.034 -11258.96 -7 0 2
30 0 0 0 -6662.649 -3042.978 -6357.551 57.8 170 12
30 0 16580 0 -6327.95 -5213.933 -8587.661 20.1 74.00002 90
30 0 34179 0 -10022.31 -7098.103 -14826.59 -8 0 10
30 0 49152 0 -1361.623 -697.0039 -4099.795 40 90 4
30 0 49152 0 -6738.463 -3286.978 -6467.378 97.79999 80 12
30 0 32835 0 -4243.014 -1727.464 -4619.61 20 240 190
30 0 56832 0 -6429.223 -5110.601 -8605.925 -5 0 -6
30 0 48917 0 -1361.913 -816.0039 -4151.957 -7 0 4
30 0 32768 0 -6359.457 -4862 -8999.606 10.6 5.6 -7
30 0 31488 0 -9025.917 -6895.321 -14825.72 -8 0 7
30 0 0 0 -8369.894 -4940.891 -12649.58 100 100 10
30 0 32768 0 -5049.73 -2745.004 -4344.151 1 11 43
30 0 49152 0 -6588.463 -3286.978 -6467.378 97.79999 80 12
30 0 28672 0 -6227.804 -5113 -8505.896 -5 0 2
30 0 16384 0 -1494.128 -875.1513 -4130.83 1 43.3 42
30 0 0 0 -5403.946 -2664.003 -4400.77 40 60.8 6
30 0 16384 0 -2991.216 -412 -4449.761 41 24 5
30 0 16384 0 -5008.534 -2773.938 -4733.12 20 40.00005 45
30 0 3584 0 -6428.804 -5113 -8505.896 -5 0 2
30 0 0 0 -6375.309 -5060.034 -11262.96 -7 0 -1
30 0 16384 0 -5020.786 -2806.938 -4701.483 -6 4.959106E-05 10
30 0 0 0 -8372.002 -5041.029 -12670 50 43.80005 3
38 0 32768 272 -5173.312 -2717.986 -4341.242 0 4.000046 81
38 0 49390 256 -6325.006 -5058.012 -10443.74 0.0999999 5.000046 33
38 0 32768 192 -5244.748 -2725.986 -4331.375 0 6.000046 81
38 32768 49152 512 -6329.996 -5111.633 -8840.005 0.01000023 2.000015 90
38 0 48935 336 -6331.469 -4751.378 -9404.677 2.1 240 80
38 32 49152 256 -1918.158 -704 -4419.501 0 4 102
38 4096 49152 336 -6327.533 -5101.48 -9808.33 5.01 6.000015 30
38 0 49152 448 -6369.996 -5111.633 -8940.005 0.01000023 5.000015 90
38 65535 51968 336 -6314.431 -4743.378 -9491.549 0.1000004 6.000015 70
38 4096 49152 544 -6289.996 -5111.633 -8940.005 0.01000023 5.000015 90
38 0 32768 224 -5096.541 -2701.986 -4345.771 0 6.000046 81
38 2 47872 256 -6336.966 -4734.378 -9576.313 0.1000004 4.000015 70
38 0 32768 256 -5288.581 -2745.986 -4349.476 0 5.000046 81
38 0 49390 112 -6337.701 -5063.012 -10506.71 0.1 8.000046 33
39 2 48900 256 -8173.536 -6455.063 -14403.42 0 1.000046 60
39 2 61440 256 -6841.316 -5136.054 -11560.42 0 1.000046 173
39 2 49152 256 -6964.104 -5143.376 -11935.19 0 1.000046 113
39 1 16384 192 -1495.962 -920 -4206.825 0 1 162
39 2 48711 128 -6329.048 -4659.001 -9898.988 6 1.000046 113
39 2 1536 256 -4971.594 -2812.004 -4625.435 0 1.000046 34.09001
39 1 0 96 -6350.966 -3301 -4994.658 1 1.000046 13
39 1 0 192 -1402.088 -1020 -4425.508 0 1 182
39 1 0 128 -6577.575 -2941 -5090.398 6 1.000046 113
39 1 0 128 -6350.966 -3301 -5100.658 1 1.000046 13
39 1 49152 192 -1889.632 -646 -4575.095 6 1 162
39 1 49152 256 -6327.904 -4915.004 -8854.792 0 1.000046 90.1
39 1 49152 192 -9974.264 -6870.02 -18131.96 6 1.000046 113
39 1 0 128 -6636.24 -2978 -5004.605 6 1.000046 50.07999
3A 0 49152 1365 -5631.652 -2966.504 -5047.517 0 6.000046 1
3A 512 32768 0 -6330.012 -4827.251 -7953.747 6 1.000046 33
3A 62208 32768 0 -8383.478 -5115 -12232.44 8 20.80005 3
3A 60416 32768 0 -6327.901 -5117 -8448.817 6 1.000046 33
3B 0 49152 0 -6327 -5164.59 -9530.002 350 0 100
3B 0 49152 0 -6327 -5164.59 -8920.002 300 0 100
3C 264 32768 256 -6308.004 -4875 -9287.003 -0.4000001 -0.4 20
3C 8 32768 256 -6330.004 -4831 -9300.003 -0.4000001 -0.4 10
3C 264 32768 256 -6330.004 -4831 -9326.003 -0.4000001 -0.4 30
3C 4104 16512 128 -6386.999 -3180.996 -5019.995 -0.2 -0.199951 40
3C 264 32768 192 -6352.004 -4915 -9261.003 -0.4000001 -0.4 20
3C 8 32768 192 -6308.004 -4893 -9261.003 -0.4000001 -0.4 20
3C 8 16384 128 -6386.999 -3200.026 -5144.995 -0.2 -0.199951 40
3C 8 49152 128 -8169.996 -6644.004 -14103.88 -0.2 -0.2 20
3C 264 49152 128 -8186.996 -6644.004 -14133.88 -0.2 -0.2 35
3C 8 16512 128 -6386.999 -3200.026 -4949.995 -0.2 -0.199951 40
3C 4104 49152 256 -8169.996 -6569.004 -14163.88 -0.2 -0.2 40
3C 8 32768 256 -6330.004 -4875 -9274.003 -0.4000001 -0.4 20
3C 8 49152 128 -8152.996 -6569.004 -14133.88 -0.2 -0.2 40
3C 264 32768 288 -6352.004 -4860 -9287.003 -0.4000001 -0.4 25
3C 4104 16384 128 -6386.999 -3180.996 -5074.995 -0.2 -0.199951 40
3D 256 32768 64611 -5404.999 -2762.001 -4400 0 -0.2 4
3D 256 49152 0 -1361.698 -820.0038 -4099.477 0 -0.2 0
3D 256 0 0 -8372.002 -5115.029 -12670 0 -0.1999542 0
3D 256 0 0 -6328.568 -5120.867 -9583.21 1.01 0.1000153 0
3D 256 32768 0 -6328.568 -5177.867 -9573.21 1.01 0.1000153 90
3D 256 16384 0 -2989.996 -472 -4449.004 0 -0.2 0
3D 256 0 0 -6428.177 -5065.003 -11260 0 -0.1999542 0
3E 14339 165 48 -5992.035 -5120.863 -9322.392 -6318.9 -5125 -9530
3E 14338 16387 48 -4659.124 -2866.988 -4890.897 -5226 -2794 -4639
3E 1 49158 0 -2662.774 -740.0011 -4283.967 0 0 0
3E 14083 16392 16 -6324.193 -3189.946 -6471.386 -6665 -3286 -6269
3E 3 20228 65520 -6629.596 -4969.004 -9095.921 -9045 -4813 -9288
3E 3 36612 32 -6545.858 -5107.004 -8964.296 -3035 -4913 -8918
3E 8961 16390 0 -1962.775 -740.0011 -4683.967 0 0 0
3E 1025 32775 48 -5346.454 -2776.988 -5464.895 -5003 -2711 -4628
3E 514 49160 64 -7324.193 -3329.946 -5771.386 -6665 -3286 -6209
3E 1027 16386 32 -1260.614 -958.1906 -4365.462 -1650 -810 -4090
3E 6401 61449 32 -9829.239 -7348.524 -16087.42 -9971 -7114.4 -15049
3E 2562 32777 16 -10290.24 -7228.524 -16160.06 -9844 -7174.4 -16359
3E 2050 64513 64 152.4435 -215.9653 -1354.401 10 0 -1490
3E 0 165 0 -5992.035 -5120.863 -8822.392 -6318.9 -5058 -10640
3F 0 49061 0 -6328.919 -5119.863 -9372.995 111.1 24.00002 90
3F 8192 16388 32 -6342.211 -4783.004 -8632.378 5 137 82
3F 0 16387 0 -4736.075 -2822 -4647.888 53 6.000046 30
3F 63269 9 43 -9965.641 -7104.524 -14900.24 80 5.600045 1
3F 0 16391 0 -5005.617 -2698 -4389.051 33 26.00005 50
3F 1 8 0 -6641.65 -2427.83 -5961.775 449 5.600045 1
3F 4096 1 32 -1.916291 -13.9653 -1172.05 100 10 90
3F 1 11602 0 -1493.55 -760.1906 -4168.147 40 0 10
3F 0 49158 0 -1942.146 -667.0011 -4498.758 50 10 104
40 0 0 0 -8199.504 -6417.04 -13580.7 110 77 172
40 0 32835 5421 -4017.199 -1761.464 -4628.88 230 50 110
41 21 32768 0 -8153.176 -6194.979 -14748.21 -8170 -6500.2 -15480
41 24 32768 0 -8152.002 -6545.004 -13920 -8174 -6409 -14230
41 25 0 0 -6321.996 -5055 -8558.539 -6322 -4835 -8628
41 26 16384 0 -1269.924 -961.004 -4405.034 -1450 -900 -4400
41 23 32768 0 -8169.002 -6409.304 -14230 -8174 -6230 -14530
41 23 0 0 -6304.813 -4875 -9000.37 -6330 -4800 -9250
41 27 16384 7 -6293.754 -3241.003 -5053.004 -6400 -2940 -5045
42 3 0 0 -6428.001 -5075.003 -11260 0 -0.1999542 0
42 0 32768 64611 -5405.034 -2765.731 -4398.976 10 10 4
42 0 0 0 -8174.002 -6605.004 -13920 12 60 4.999609
42 1 0 0 -8174.999 -6469.205 -14230 12 60 4.999609
42 0 0 0 -8174 -6255.004 -14748 0 0 0
42 2 49152 0 -1361.698 -829.0039 -4099.176 0 -0.2 0
42 0 0 0 -9974 -7114 -17447.5 0 0 0
42 1 16384 0 -1269.996 -1021 -4398.995 0 0 0
42 0 0 0 -6327.996 -4935 -9000.002 0 4.577637E-05 0
42 2 16384 0 -2989.997 -479 -4449 0 -1.490116E-08 0
42 1 16384 1109 -6293.42 -3301 -5047.003 14 0 8
42 1 0 0 -6327.996 -5115 -8558.539 20 4.577637E-05 8
43 0 0 0 -9985.002 -6998.8 -17986 0 0 0
43 0 0 0 -6674.995 -3285.8 -6149.998 0 0 0
43 0 0 0 -8181.999 -6454.8 -14317 0 0 0
43 0 0 0 -12.00396 0.2 -1336.265 0 0 0
44 0 0 0 -0.001392126 -1290 -2710.78 0 0 0
44 0 32768 0 -9073.963 -7014.002 -15684.42 0 0 0
44 0 49152 0 -7365.002 -5115 -11961 0 0 0
45 0 65428 0 -6349.489 -5115 -10026.57 0 0 0
45 0 32768 0 -1855.867 -670.0011 -4497.04 0 0 0
45 0 16384 0 -1197.831 -1019.893 -4390.519 0 0 0
45 0 33792 0 -6291.232 -4760.004 -9747.867 0 0 0
45 0 49152 0 -44.56442 -400 -688.9265 0 0 0
45 0 16656 0 -1895.39 -770 -4641.927 0 0 0
45 0 0 0 -6345.67 -5115 -10744.83 0 0 0
45 0 65428 0 -6373.454 -5115 -9936.119 0 0 0
45 0 22272 0 -1309.058 -1019.893 -4365.664 0 0 0
45 0 32512 0 -6370.651 -4760.004 -9839.125 0 0 0
45 0 49152 0 38.12374 -400 -670.4927 0 0 0
45 0 49152 0 -6226.758 -5065.028 -11257.36 0 0 0
45 0 256 0 -6295.121 -5115 -9938.228 0 0 0
45 0 256 0 -85.01617 -400 -1192.41 0 0 0
45 0 45056 0 -8372.012 -5115 -12391.6 1.01 0.1000153 90
45 0 15616 0 -880.6848 -820.0011 -4140.104 0 0 0
45 0 49152 0 29.72624 -400 -865.3845 0 0 0
45 0 16384 0 -6327.883 -4915 -9013.186 -6330 -4800 -9250
45 0 49152 0 -44.93912 -400 -816.3757 0 0 0
45 0 49152 0 -6286.658 -5115 -10817.54 0 0 0
45 0 256 0 -1456.606 -920 -4257.561 0 0 0
45 0 35 0 -6366.439 -5065.004 -10303.49 0 0 0
45 0 65280 0 -6367 -5065.004 -10190.67 0 0 0
45 0 49345 0 -4884.154 -2812.004 -4606.333 0 0 0
45 0 35 0 -6288.003 -5065.004 -10158.83 0 0 0
45 0 36365 0 -5259.594 -2812.004 -4348.11 0 0 0
45 0 13692 0 -36.88657 -400 -531.6717 0 0 0
45 0 32512 0 -6286.233 -4915.003 -8865.905 0 0 0
45 0 49920 0 -5004.532 -2712 -4301.29 0 0 0
45 0 65024 0 83.42805 -400 -1189.545 0 0 0
45 0 0 0 -6391.458 -5065.028 -11106.03 0 0 0
45 0 32768 0 -6367.703 -4915 -8791.021 0 0 0
45 0 16640 0 -883.9224 -820.0011 -4054.101 0 0 0
45 0 0 0 0.6728204 -400 -989.2918 0 0 0
45 0 0 0 -6329.999 -4575.3 -9991.525 0 6.000046 1
45 5 32768 0 -1560.127 -1020 -4435.024 0 0 0
45 0 53248 0 -8260.845 -5115 -12081.03 1.01 0.1000153 90
46 8 32768 0 -6224.004 -5100 -10580 0 0 0
46 8 32768 0 -6224.004 -5100 -9832.997 0 0 0
46 0 4096 0 -6382.104 -5100.197 -11039.51 0 0 0
46 6 32768 0 -9073.945 -6879.805 -15164.18 0 0 0
46 6 0 0 0.00263613 -1155.8 -3237.054 0 0 0
46 9 32768 0 103.9954 -385 -1002 0 0 0
46 8 32768 0 -6224.004 -5100 -8779.997 0 0 0
46 3 32768 925 -6891.998 -5125.497 -11550 0 0 0
46 6 12288 0 -5308.308 -2749.557 -5100.861 0 0 0
46 8 32768 0 -6224.004 -5100 -8879.997 0 0 0
46 8 32768 0 -6432.004 -5100 -9831.997 0 0 0
46 7 0 0 -0.0007903576 -1170.7 -3742.897 0 0 0
46 7 0 0 -6664.003 -3286.801 -6346 0 0 0
46 0 32768 0 -8.315023 -383 -863.9488 0 0 0
46 7 0 0 -0.004677534 -1 -1648.001 0 0 0
46 8 32768 0 -6224.004 -5100 -9532.997 0 0 0
46 7 16384 0 -4229.998 -2113 -4647.005 0 0 0
46 8 32768 0 -6224.004 -5100 -9932.997 0 0 0
46 8 32768 0 -6224.004 -5100 -9432.997 0 0 0
46 2 0 64360 -6263.004 -5025.102 -11871 0 0 0
46 0 12288 40 -6201.481 -3286.484 -5100.769 0 0 0
46 7 16384 0 -7665.576 -5115.701 -11956 0 0 0
46 9 32768 0 -104.0046 -385 -921.9998 0 0 0
46 8 32768 0 -6224.004 -5100 -10480 0 0 0
46 0 61440 0 -6274.104 -5100.766 -8453.044 0 0 0
46 5 57344 0 -6262.775 -5115 -10928.29 0 0 0
46 0 0 0 -8227.589 -6778.957 -15682.95 0 0 0
46 8 0 0 -104.2046 -384.9997 -623.0031 0 0 0
46 8 32768 0 -6224.004 -5100 -9732.997 0 0 0
46 8 32768 0 -6432.004 -5100 -8679.997 0 0 0
46 8 32768 0 -6432.004 -5100 -9431.997 0 0 0
46 7 0 0 -0.003491402 -1290.497 -2806.931 0 0 0
46 8 32768 0 -6432.004 -5100 -9079.997 0 0 0
46 8 32768 0 -6224.004 -5100 -9079.997 0 0 0
46 8 32768 0 -6432.004 -5100 -8979.997 0 0 0
46 8 32768 0 -6224.004 -5100 -10180 0 0 0
46 2 0 64613 -6963.004 -5125.636 -11981 0 0 0
46 8 32768 0 -6224.004 -5100 -8679.997 0 0 0
46 1 32768 426 -5040.001 -2722.63 -5011.996 0 0 0
46 8 32768 0 -6432.004 -5100 -8579.997 0 0 0
46 9 32768 0 -104.0046 -385 -1098 0 0 0
46 8 32768 0 -6432.004 -5100 -9631.997 0 0 0
46 8 0 0 103.7954 -384.9997 -622.0031 0 0 0
46 8 32768 0 -6224.004 -5100 -8979.997 0 0 0
46 6 16384 0 -7272.448 -5098.365 -11959.89 0 0 0
46 9 32768 0 103.9954 -385 -1199 0 0 0
46 8 0 0 -104.2046 -384.9997 -523.0031 0 0 0
46 8 32768 0 -6432.004 -5100 -8779.997 0 0 0
46 8 32768 0 -6224.004 -5100 -9582.997 0 0 0
46 8 32768 0 -6432.004 -5100 -10679 0 0 0
46 0 92 0 -6382.997 -5100.099 -8613.986 0 0 0
46 7 0 0 -9973.997 -6999.601 -18191.64 0 0 0
46 8 32768 0 -6432.004 -5100 -8382.997 0 0 0
46 8 32768 0 -6432.004 -5100 -10579 0 0 0
46 0 12288 0 -7520.879 -5099.839 -12059.62 0 0 0
46 6 0 0 -8120.142 -6246.004 -14737.79 0 0 0
46 0 0 0 -1841.21 -755.2848 -4350.268 0 0 0
46 5 20480 0 -1609.059 -1020 -4454.228 0 0 0
46 8 32768 0 -6224.004 -5100 -10380 0 0 0
46 0 32768 0 -5347.218 -2753.542 -4436.185 0 0 0
46 4 0 0 -1860.095 -780.3242 -4134 0 0 0
46 2 16384 0 -5370 -2772.302 -4611.999 0 0 0
46 8 32768 0 -6432.004 -5100 -9531.997 0 0 0
46 8 0 0 103.7954 -384.9997 -522.0031 0 0 0
46 6 16384 0 -2924.103 -458 -4502.995 0 0 0
46 0 12288 0 -812.1552 -1153.803 -4502.119 0 0 0
46 8 32768 0 -6224.004 -5100 -9632.997 0 0 0
46 8 32768 0 -6432.004 -5100 -10479 0 0 0
46 6 0 0 -6273.769 -5100.696 -11051.91 0 0 0
46 8 32768 0 -6224.004 -5100 -10280 0 0 0
46 1 32768 925 -6462.996 -5075.089 -11481 0 0 0
46 8 32768 0 -6432.004 -5100 -10179 0 0 0
46 8 32768 0 -6432.004 -5100 -8879.997 0 0 0
46 8 32768 0 -6224.004 -5100 -8579.997 0 0 0
46 5 21760 0 -6488.998 -3100.965 -4978.003 0 0 0
46 2 0 0 -814.0035 -681.0006 -4363.003 0 0 0
46 7 32768 0 -9074.003 -7014.998 -15588 0 4.577637E-05 0
46 8 32768 0 -6432.004 -5100 -9931.997 0 0 0
46 8 32768 0 -6432.004 -5100 -10379 0 0 0
46 8 32768 0 -6432.004 -5100 -9733.997 0 0 0
46 0 8192 0 -1028.036 -656.7455 -4452.307 0 0 0
46 8 32768 0 -6432.004 -5100 -10279 0 0 0
46 8 32768 0 -6224.004 -5100 -10680 0 0 0
47 58963 52090 0 -6696.004 -4302.999 -7194.996 0 0 0
47 0 28598 7553 -3382.5 -709.996 -4481 0 0 0
47 59915 44981 0 -31.99794 -842.9979 -2395 0 0 0
47 0 55730 0 31.99583 73.99957 -1507.997 0 0 0
47 59915 44981 0 -31.99794 -496.9979 -2195 0 0 0
47 0 65018 0 -847.0038 -1071.5 -4479.996 0 0 0
47 0 44333 0 -6463.001 -3027.003 -5129.004 0 0 0
47 0 40910 10921 -3531.002 -968.0042 -4416.999 0 0 0
47 0 48528 0 -6296.001 -4672.001 -7854.995 0 0 0
47 0 46654 0 -81.99721 -327 -1196.998 0 0 0
47 0 65018 0 -748.0038 -1096.5 -4417.996 0 0 0
47 58963 52090 0 -6696.004 -4129.999 -7094.996 0 0 0
47 60683 49756 0 -8206.002 -6407 -15167 0 0 0
47 0 65331 0 -6259.999 -4991.001 -11405 0 0 0
47 0 38941 0 -7422.003 -5041.005 -12038 0 0 0
47 0 0 0 32.00072 -411.0019 -2146.001 0 0 0
47 0 31816 6134 -6100 -3189.996 -5014.997 0 0 0
47 0 0 0 31.00072 -238.0019 -2046.001 0 0 0
47 0 16161 0 32.0017 -1097 -3399.003 0 0 0
47 60683 49756 0 -8143.004 -6573 -15417 0 0 0
47 0 32768 60160 -1294.005 -946.0049 -4318.001 0 0 0
47 54614 47046 0 -8403.995 -5611.998 -13194 0 0 0
47 0 28598 7553 -3482.5 -883.996 -4481 0 0 0
47 0 40910 10921 -3332.002 -623.0042 -4416.999 0 0 0
47 59915 16625 0 -8340.004 -5699.996 -13244 0 0 0
47 0 28598 7553 -3581.5 -1056.996 -4481 0 0 0
47 0 16161 0 32.0017 -1097 -3598.003 0 0 0
47 58963 52090 0 -6632.004 -3351.999 -6644.996 0 0 0
47 0 55359 0 -6527.005 -4941 -11874 0 0 0
47 0 48528 0 -6296.001 -4894.001 -8186.995 0 0 0
47 60683 49756 0 -8143.004 -6240 -14917 0 0 0
47 659 60489 1559 -9106.003 -6819.999 -15095 0 0 0
47 0 0 0 69.99791 66.00005 -1328.997 0 0 0
47 0 56954 0 -5206.001 -2739.504 -4379.003 0 0 0
47 0 28598 7553 -3681.5 -1228.996 -4481 0 0 0
47 0 36624 0 -5105.003 -2739.004 -4679.003 0 0 0
47 59915 44981 0 -31.99794 -669.9979 -2295 0 0 0
47 58963 52090 0 -6696.004 -3436.999 -6693.996 0 0 0
47 0 8120 0 -4804.999 -2739.004 -4679.002 0 0 0
47 0 31816 6134 -6018 -3134.996 -5014.997 0 0 0
47 0 55359 0 -6627.998 -4941 -11938 0 0 0
47 0 16161 0 -31.9983 -1097 -3698.003 0 0 0
47 0 31816 6134 -5934.998 -3079.996 -5079.001 0 0 0
47 0 0 0 -8161.003 -6388.701 -14307.3 0 0 0
47 0 31816 6134 -5518 -2801.996 -5014.997 0 0 0
47 0 48528 0 -6359.996 -4838.001 -8104.005 0 0 0
47 0 65331 0 -6195.999 -4991.001 -11306 0 0 0
47 0 55359 0 -6827.998 -4941 -11938 0 0 0
47 58963 52090 0 -6696.004 -3782.999 -6894.996 0 0 0
47 0 46562 0 -1927 -695.9988 -4599.004 0 0 0
47 54614 47046 0 -8403.995 -6131.998 -13494 0 0 0
47 0 46654 0 -82.00124 -327 -997.9976 0 0 0
47 0 0 0 -9903.004 -6934.005 -17978 0 0 0
47 0 48528 0 -6359.996 -4616.001 -7771.005 0 0 0
47 0 8120 0 -4904.002 -2739.004 -4615.003 0 0 0
47 0 0 0 31.00072 -930.002 -2445.001 0 0 0
47 0 32720 0 -3994.997 -1989 -4678.997 0 0 0
47 0 46919 0 -8141.996 -6631 -13656 0 0 0
47 59915 16625 0 -8340.004 -5525.996 -13144 0 0 0
47 59402 48128 0 -8205.996 -6295.998 -15000 0 0 0
47 60683 49756 0 -8206.002 -6628 -15500 0 0 0
47 0 0 0 31.00072 -758.002 -2346.001 0 0 0
47 0 46415 0 -8142.002 -6181 -14686 0 0 0
47 60683 49756 0 -8143.004 -6463 -15251 0 0 0
47 0 12696 0 -6713.003 -3219.998 -6142.003 0 0 0
47 0 46562 0 -1864 -695.9988 -4399.004 0 0 0
47 0 32845 0 -1993.004 -597.0011 -4466.998 0 0 0
47 0 0 0 -9963.004 -6934.005 -17978 0 0 0
47 0 32720 0 -4194.997 -2039 -4678.997 0 0 0
47 0 31816 6134 -5436.003 -2747.996 -5078.996 0 0 0
47 0 48528 0 -6359.996 -5005.001 -8353.005 0 0 0
47 0 32768 60160 -1394.005 -946.0049 -4480.001 0 0 0
47 0 31816 6134 -5602.003 -2858.996 -5078.996 0 0 0
47 0 29038 0 -2943.001 -398.9999 -4417.001 0 0 0
47 0 7683 0 -5304.998 -2738.502 -4314.996 0 0 0
47 59915 16625 0 -8340.004 -5871.996 -13344 0 0 0
47 0 46654 0 81.99794 -327 -1097.996 0 0 0
47 59915 16625 0 -8340.004 -5352.996 -13044 0 0 0
47 54614 47046 0 -8403.995 -5438.998 -13094 0 0 0
47 54614 47046 0 -8403.995 -5265.998 -12994 0 0 0
47 0 0 0 -50.00209 66.00005 -1327.997 0 0 0
47 0 51168 0 -4973.002 -2638.004 -4447.002 0 0 0
47 0 33642 0 -7046.996 -4980 -11938 0 0 0
47 0 32768 60160 -1594.005 -946.0049 -4318.001 0 0 0
47 0 51168 0 -5037.002 -2638.004 -4546.002 0 0 0
47 0 16365 0 -10006 -7040 -17494 0 0 0
47 0 48528 0 -6359.996 -4727.001 -7937.005 0 0 0
47 0 40910 10921 -3831.002 -1487.004 -4416.999 0 0 0
47 0 28598 7553 -3283.5 -538.996 -4481 0 0 0
47 58963 52090 0 -6696.004 -3609.999 -6793.996 0 0 0
47 0 46415 0 -8206.001 -6181 -14585 0 0 0
47 0 32768 60160 -1194.005 -946.0049 -4480.001 0 0 0
47 0 32720 0 -4094.997 -2039 -4614.997 0 0 0
47 0 0 0 -10023 -6934.005 -17978 0 0 0
47 58963 52090 0 -6632.004 -3523.999 -6744.996 0 0 0
47 0 55730 0 -32.00028 73.99957 -1607.003 0 0 0
47 58963 52090 0 -6632.004 -4043.999 -7044.996 0 0 0
47 59915 44981 0 -31.99794 -323.9979 -2095 0 0 0
47 0 0 0 31.00072 -584.002 -2246.001 0 0 0
47 54614 47046 0 -8403.995 -5958.998 -13394 0 0 0
47 0 48528 0 -6296.001 -4783.001 -8020.995 0 0 0
47 0 33642 0 -7240.996 -5029 -11938 0 0 0
47 0 3328 0 -4593.999 -2839.001 -4614.997 0 0 0
47 0 36309 0 -6696 -2711.997 -5095.997 0 0 0
47 0 49995 0 -9942.001 -7014.998 -17592 0 0 0
47 0 0 0 31.00072 -65.00192 -1946.001 0 0 0
47 60683 49756 0 -8143.004 -6351 -15084 0 0 0
47 58963 52090 0 -6696.004 -3956.999 -6994.996 0 0 0
47 54614 47046 0 -8340.003 -6218.998 -13544 0 0 0
47 0 46654 0 80.99794 -326 -897.9958 0 0 0
47 0 28598 7553 -3781.5 -1401.996 -4481 0 0 0
47 58963 52090 0 -6632.004 -4389.999 -7244.996 0 0 0
47 0 12696 0 -6653.003 -3219.998 -6142.003 0 0 0
47 0 12696 0 -6593.003 -3219.998 -6142.003 0 0 0
47 0 48528 0 -6296.001 -4562.001 -7688.995 0 0 0
47 0 65331 0 -6259.999 -4991.001 -11605 0 0 0
47 659 60489 1559 -9041.999 -6819.999 -14996 0 0 0
47 0 3328 0 -4694 -2839.001 -4679.002 0 0 0
47 0 0 0 9.997913 66.00005 -1328.997 0 0 0
47 58963 52090 0 -6632.004 -3696.999 -6844.996 0 0 0
47 0 40910 10921 -3432.002 -796.0042 -4416.999 0 0 0
47 0 33642 0 -7141.995 -5004 -11874 0 0 0
47 0 16161 0 -31.9983 -1097 -3298.003 0 0 0
47 0 0 0 31.00072 -1104.002 -2546.001 0 0 0
47 0 31816 6134 -5684 -2912.996 -5014.997 0 0 0
47 60683 49756 0 -8206.002 -6517 -15332 0 0 0
47 0 16161 0 -31.9983 -1097 -3498.003 0 0 0
47 59915 16625 0 -8340.004 -5179.996 -12944 0 0 0
47 59915 44981 0 -31.99794 -1016.998 -2495 0 0 0
47 0 0 0 -8221.003 -6388.701 -14307.3 0 0 0
47 0 65331 0 -6195.999 -4991.001 -11506 0 0 0
47 59915 44981 0 -31.99794 -150.9979 -1996 0 0 0
47 0 31816 6134 -5851 -3023.996 -5014.997 0 0 0
47 58963 52090 0 -6632.004 -4216.999 -7144.996 0 0 0
47 0 28598 7553 -3881.5 -1575.996 -4481 0 0 0
47 0 48528 0 -6359.996 -4949.001 -8270.005 0 0 0
47 0 33642 0 -6948.999 -4956 -11874 0 0 0
47 0 31816 6134 -5767.998 -2968.996 -5079.001 0 0 0
47 0 40910 10921 -3632.002 -1142.004 -4416.999 0 0 0
47 60683 49756 0 -8206.002 -6685 -15583 0 0 0
47 0 40910 10921 -3731.002 -1314.004 -4416.999 0 0 0
47 54614 47046 0 -8340.003 -6045.998 -13444 0 0 0
47 0 0 0 -8101.003 -6388.701 -14307.3 0 0 0
47 0 55359 0 -6727.005 -4941 -11874 0 0 0
47 58963 52090 0 -6632.004 -3869.999 -6944.996 0 0 0
47 54614 47046 0 -8403.995 -5784.998 -13294 0 0 0
48 112 36864 0 -1900.005 -539.9958 -5200.003 0 0 0
48 96 59648 0 -4000.004 -1200.001 -3900 0 0 0
48 256 9728 0 -7000 -2600.004 -6099.998 0 0 0
48 272 9472 0 -5849.996 -2530.004 -4720 0 0 0
48 272 61440 0 -8000.001 -6150.001 -15800 0 4.577637E-05 0
48 208 36864 0 355.38 187.8065 271.9982 1 0 0
48 256 34823 0 -5090.001 -2400.004 -5599.998 1 0 0
48 256 59648 0 -9390.803 -6588.003 -18390.89 0 0 0
48 65250 31365 0 -10324.95 -6520.885 -16370.47 0 0 0
48 80 24576 0 -2200 -700.0037 -3400.001 1 0 0
48 256 8192 0 -91.75434 -588.0367 -4142.616 35 18 1
48 256 42752 0 -8700.003 -5899.996 -14500 1 0 0
48 256 28672 0 -452.2123 -519.0367 -2945.916 0 18 1
48 65122 48261 0 -9710.653 -6577.885 -15491.9 1 0 0
49 256 0 0 -9524.186 -6751.67 -14945.24 0 0 0
49 176 0 0 -8633.502 -6574.003 -15685 0 0 0
4A 0 16384 22016 -9100.805 -6669.901 -15457.49 0 4.577637E-05 0
4A 0 16384 21760 -6661.826 -4358.076 -7524.171 0 0 0
4A 0 16384 42752 -26.99644 -943.5386 -2937.756 0 0 0
4A 0 51011 27136 -6619.534 -4308.751 -7339.176 0 0 0
4A 0 32784 0 -2051.635 -655.0059 -4552.996 0 0 0
4A 0 0 0 -6447.15 -4515 -10074.5 0 0 0
4A 0 16128 21248 50.10273 -953.8931 -3166.67 0 0 0
4A 0 16384 5376 -10027.89 -7042.999 -17660.97 0 0 0
4A 0 0 0 -825.0049 -670.0964 -4042.499 0 0 0
4A 0 49152 0 -4951.692 -2662.298 -4297 0 0 0
4A 0 16128 43776 -6329.957 -4358.547 -7389.465 0 0 0
4A 0 32768 0 -1236.999 -805.0039 -4045 0 0 0
4A 0 18176 27392 -6372.286 -4308.498 -7574.658 0 0 0
4A 0 17152 49152 -6423.644 -4426.524 -7371.327 0 0 0
4A 0 16384 26624 -44.30441 -903.9503 -3118.085 0 0 0
4A 0 16128 49152 -6316.092 -4426.153 -7371.526 0 0 0
4A 0 0 0 -6208.796 -4515 -8437.498 0 0 0
4A 0 0 0 -7573.997 -5099.839 -12009.89 0 0 0
4A 0 16384 32768 -9112.1 -6608.881 -15345.06 0 4.577637E-05 0
4A 0 16384 37376 -9030.398 -6623.043 -15286.16 0 4.577637E-05 0
4A 0 0 0 -6717.942 -3271.001 -6258.956 0 0 0
4A 0 0 0 90.79541 199.9992 -17.50744 0 0 0
4A 0 0 0 0.2686157 -389.0339 -490.5204 0 0 0
4A 0 0 0 -6717.999 -2771.004 -5039.003 0 0 0
4A 0 0 0 50.26862 -389.0339 -490.5204 0 0 0
4A 0 16384 26624 95.99559 -903.9503 -3118.085 0 0 0
4A 0 16896 39424 -6451.526 -4309.023 -7438.746 0 0 0
4A 0 18176 32768 -6358.203 -4290.409 -7507.493 0 0 0
4A 0 16384 41472 -9025.305 -6661.004 -15238.55 0 4.577637E-05 0
4A 0 0 0 -6447.094 -4515 -8437.498 0 0 0
4A 0 17664 32768 -6633.698 -4290.435 -7407.08 0 0 0
4A 0 0 0 -4727.997 -2896.997 -4700.925 0 0 0
4A 0 49152 0 -4951.692 -2662.298 -4389.002 0 0 0
4A 0 16384 27648 -9158.404 -6624.901 -15408.21 0 4.577637E-05 0
4A 0 16384 22016 -8995.506 -6669.901 -15457.49 0 4.577637E-05 0
4A 0 16384 41472 -9122.305 -6661.004 -15238.55 0 4.577637E-05 0
4A 0 16384 37376 -9117.295 -6623.043 -15286.16 0 4.577637E-05 0
4A 0 4096 2304 -8261.62 -6815.699 -15937.31 0 0 0
4A 0 0 0 53.90326 15 -1460.612 0 0 0
4A 0 0 0 119.1654 199.9992 -17.50744 0 0 0
4A 0 16384 32768 -8984 -6608.881 -15345.06 0 4.577637E-05 0
4A 0 32768 5888 -925.8849 -1093.171 -4502.996 0 0 0
4A 0 16128 21248 -49.99727 -953.8931 -3166.67 0 0 0
4A 0 0 0 -6284.002 -4760.004 -9633.998 0 0 0
4A 0 17152 22016 -6385.889 -4357.854 -7624.147 0 0 0
4A 0 0 0 -49.73138 -389.0339 -490.5204 0 0 0
4A 0 0 0 -1135.998 -655.0005 -4344.997 0 0 0
4A 0 0 0 -6415.886 -4575.078 -9944.846 0 0 0
4A 0 49152 22272 -6606.094 -4358.249 -7289.777 0 0 0
4A 0 0 0 -53.85674 15 -1460.612 0 0 0
4A 0 32784 0 -1948.005 -655.0059 -4552.996 0 0 0
4A 0 0 0 -6208.796 -4515 -8474.498 0 0 0
4A 0 18432 26880 -6648.247 -4309.07 -7475.203 0 0 0
4A 0 1024 1024 -8229.264 -6789.973 -15784.02 0 0 0
4A 0 0 0 -6283.996 -5007.501 -10044.2 0 0 0
4A 0 16384 37376 -84.39749 -900.3854 -2986.559 0 0 0
4A 0 0 0 -6282.997 -5007.196 -8443.999 0 0 0
4A 0 0 0 -1949.029 -755.0045 -4656.802 0 0 0
4A 0 0 0 -119.1046 199.9992 -17.50744 0 0 0
4A 0 0 0 -5059 -2697.004 -4595.001 0 0 0
4A 0 0 0 -6609.999 -2771.004 -5039.003 0 0 0
4A 0 16384 41472 -8974.002 -6661.004 -15238.55 0 4.577637E-05 0
4A 0 0 0 -90.8046 199.9992 -17.50744 0 0 0
4A 0 0 32768 -37.81555 -884.7814 -3049.008 0 0 0
4A 0 0 0 -6373.996 -5007.501 -10044.2 0 0 0
4A 0 62208 64000 -8988.591 -6965.326 -15933.85 0 0 0
4A 609 59648 63232 -8951.964 -6953.471 -16001.37 0 0 0
4A 0 16384 42752 79.00356 -943.5386 -2937.756 0 0 0
4A 0 16384 41472 -9174.172 -6661.004 -15238.55 0 4.577637E-05 0
4A 0 16384 26624 -96.00439 -903.9503 -3118.085 0 0 0
4A 0 0 0 -10027.95 -6984 -18100.56 0 0 0
4A 0 0 0 -7573.997 -5099.839 -11902.1 0 0 0
4A 0 0 0 -4727.997 -2896.997 -4593.095 0 0 0
4A 0 0 0 -2788.003 -457.0045 -4503.003 0 0 0
4A 0 18432 32768 -6465.882 -4290.472 -7506.485 0 0 0
4A 0 0 0 -4951 -2697.004 -4699.001 0 0 0
4A 0 16384 32768 -9035.801 -6608.881 -15345.06 0 4.577637E-05 0
4A 0 16128 21248 101.9027 -953.8931 -3166.67 0 0 0
4A 0 0 0 -6372.997 -5007.196 -8443.999 0 0 0
4A 0 16384 49664 -6484.042 -4426.715 -7271.55 0 0 0
4A 0 0 0 -1135.998 -655.0005 -4452.997 0 0 0
4A 0 0 0 -10077.9 -6984 -18045.83 0 0 0
4A 0 17152 21760 -6493.594 -4357.55 -7623.928 0 0 0
4A 0 1536 1792 -8238.126 -6802.924 -15863.43 0 0 0
4A 0 15872 37632 32.39249 -900.3854 -2986.559 0 0 0
4A 0 32768 5888 -925.8849 -1093.171 -4395.025 0 0 0
4A 609 56576 61952 -8845.052 -6929.677 -16107.59 0 0 0
4A 0 0 0 -8119.999 -6590.004 -14024 0 4.577637E-05 0
4A 0 16384 37376 -8978.996 -6623.043 -15286.16 0 4.577637E-05 0
4A 0 0 0 -9919.953 -6984 -18100.56 0 0 0
4A 0 16384 42752 -78.99644 -943.5386 -2937.756 0 0 0
4A 0 0 0 -6208.798 -4515 -10037.5 0 0 0
4A 0 0 0 -6447.094 -4515 -8474.498 0 0 0
4A 0 32784 0 -1948.005 -655.0059 -4444.996 0 0 0
4A 0 16384 27648 -9106.404 -6624.901 -15408.21 0 4.577637E-05 0
4A 0 16384 26624 44.29559 -903.9503 -3118.085 0 0 0
4A 0 0 32768 90.00445 -884.7814 -3049.008 0 0 0
4A 0 0 0 -5059 -2697.004 -4699.001 0 0 0
4A 0 17664 38400 -6512.122 -4308.448 -7339.75 0 0 0
4A 0 16384 44288 -6497.933 -4359.248 -7289.23 0 0 0
4A 0 0 0 -6208.798 -4515 -10074.5 0 0 0
4A 0 0 0 -6610.003 -3271.001 -6258.956 0 0 0
4A 0 17664 22016 -6554.342 -4358.625 -7524.642 0 0 0
4A 0 0 32768 -89.81555 -884.7814 -3049.008 0 0 0
4A 0 16384 32768 -9163.932 -6608.881 -15345.06 0 4.577637E-05 0
4A 0 0 0 -8227.999 -6590.004 -14024 0 4.577637E-05 0
4A 0 16384 37376 -32.39751 -900.3854 -2986.559 0 0 0
4A 0 9472 4096 -8404.842 -6853.875 -16108.09 0 0 0
4A 0 0 0 -1841.029 -755.0045 -4656.802 0 0 0
4A 0 16384 27648 -9041.404 -6624.901 -15408.21 0 4.577637E-05 0
4A 0 0 32768 38.18447 -884.7814 -3049.008 0 0 0
4A 0 15872 37632 84.39249 -900.3854 -2986.559 0 0 0
4A 0 0 0 -8227.902 -6440 -14427.51 0 4.577637E-05 0
4A 0 0 16384 -3709.999 -1904.197 -4551.003 0 0 0
4A 0 16384 42752 27.00356 -943.5386 -2937.756 0 0 0
4A 0 17152 27392 -6479.812 -4308.595 -7574.468 0 0 0
4A 0 18176 37632 -6344.328 -4308.655 -7439.503 0 0 0
4A 0 16896 43776 -6437.747 -4358.826 -7389.355 0 0 0
4A 0 0 0 -6447.15 -4515 -10037.5 0 0 0
4A 0 0 16384 -3709.999 -1904.197 -4659.003 0 0 0
4A 0 0 16384 -3709.999 -1618.197 -4659.003 0 0 0
4A 0 16384 27648 -8989.504 -6624.901 -15408.21 0 4.577637E-05 0
4A 0 5888 3072 -8299.011 -6828.702 -16004.63 0 0 0
4A 0 16384 22016 -9047.303 -6669.901 -15457.49 0 4.577637E-05 0
4A 0 0 0 -6717.996 -2771.004 -5254.997 0 0 0
4A 0 17408 27904 -6540.309 -4308.625 -7474.982 0 0 0
4A 609 57344 62464 -8902.427 -6941.464 -16060.79 0 0 0
4A 0 17664 32768 -6526.258 -4290.55 -7406.734 0 0 0
4A 0 0 0 -725.4866 -670.3135 -4140.772 0 0 0
4A 0 0 0 -8120.073 -6440 -14427.51 0 4.577637E-05 0
4A 0 0 0 -4951 -2697.004 -4595.001 0 0 0
4A 0 0 0 -2788.003 -457.0045 -4395.003 0 0 0
4A 0 0 0 -9870.053 -6984 -18045.83 0 0 0
4A 0 64000 64512 -9011.46 -6977.559 -15859.7 0 0 0
4A 0 16384 0 -5359.025 -2712.103 -4290.547 0 0 0
4A 0 16384 37376 -9168.996 -6623.043 -15286.16 0 4.577637E-05 0
4A 0 0 0 -6372.002 -4760.004 -9633.998 0 0 0
4A 0 16128 21248 -101.9372 -953.8931 -3166.67 0 0 0
4A 0 0 65024 -9019.567 -6989.869 -15779.99 0 0 0
4A 0 0 0 -6240.886 -4575.078 -9944.846 0 0 0
4A 0 16384 0 -5450.996 -2712.103 -4290.547 0 0 0
4A 0 32784 0 -2051.635 -655.0059 -4444.886 0 0 0
4A 0 0 16384 -3709.999 -1618.197 -4551.003 0 0 0
4A 0 0 0 -725.4866 -670.3135 -4050.772 0 0 0
4A 0 49152 16128 -6591.866 -4426.55 -7271.586 0 0 0
4A 0 8704 3584 -8348.563 -6841.594 -16063.29 0 0 0
4A 0 32768 0 -1236.999 -805.0039 -4153 0 0 0
4A 0 16384 22016 -9152.605 -6669.901 -15457.49 0 4.577637E-05 0
4A 0 16384 5376 -9920.116 -7042.999 -17660.97 0 0 0
4A 0 0 0 -6609.996 -2771.004 -5254.997 0 0 0
4B 5 49153 0 -660.0045 -1149.004 -4450.002 60 40 10
4B 5 1 0 -7710.002 -5090 -11960 10 40 60
4B 5 2 0 -7690.002 -5090 -11960 10 40 60
4B 5 49154 0 -680.0045 -1149.004 -4450.002 60 40 10
4B 5 49153 0 -9974.998 -6970 -18235 10 40 60
4B 5 16386 0 -8370.003 -5090.001 -12640 10 40 60
4B 5 2 0 -4246.48 -2004.4 -4646.549 1 30 53
4B 5 2 0 -4395.801 -2959.594 -4647.497 50 27 53
4B 5 1 0 -4260.003 -2016.801 -4646.549 5 30 53
4B 5 16385 0 -8370.003 -5090.001 -12620 10 40 60
4B 5 16386 61440 -6666.099 -3285.387 -6471.032 100 60 60
4B 5 2 0 -0.001742259 -1140.004 -3769.997 60 40 10
4B 5 16386 61440 -3.218909 6.199996 -1781.068 110 70 70
4B 5 1 0 -0.001742244 -1140.004 -3789.997 60 40 10
4B 5 49154 0 -9974.998 -6970 -18215 10 40 60
4C 0 0 0 -6403.429 -5115 -9908.012 0 0 0
4C 0 16384 0 -6380.253 -5115 -10051.47 0 0 0
4C 0 16384 0 -6262.99 -5115 -9950.748 0 0 0
4C 0 16384 0 -1590.225 -1020 -4400.96 0 0 0
4C 0 49152 0 -1207.59 -1019.979 -4361.092 0 0 0
4C 0 0 0 -6264.301 -5115 -10765.52 0 0 0
4C 0 16384 0 -6260.103 -5115 -10721.7 0 0 0
4C 0 0 0 -6404.438 -5115 -9962.489 0 0 0
4C 0 0 0 0.1717348 -400 -1098.829 0 0 0
4C 0 16128 0 -5120.672 -2762.003 -4332.691 0 0 0
4C 0 16640 0 -5406.567 -2761.99 -4317.974 0 0 0
4C 0 0 0 -6262.477 -5115 -10677.77 0 0 0
4C 0 0 0 -6305.739 -5115 -10735.26 0 0 0
4C 0 16384 0 -6260.207 -5115 -9990.899 0 0 0
4C 0 0 0 -1164.333 -1019.979 -4357.931 0 0 0
4C 0 16384 0 -46.42213 -400 -724.4752 0 0 0
4C 0 16384 0 -6690.126 -3100.978 -4981.182 0 0 0
4C 0 16384 0 -5392.188 -2761.99 -4359.726 0 0 0
4C 0 0 0 -5075.775 -2762.003 -4323.986 0 0 0
4C 0 0 0 45.44773 -400 -776.3334 0 0 0
4C 0 0 0 -6306.766 -5115 -10686.81 0 0 0
4C 0 16640 0 -6259.33 -5115 -9909.271 0 0 0
4C 0 32768 0 -1252.096 -1019.979 -4358.422 0 0 0
4C 0 0 0 -1622.218 -1020 -4355.834 0 0 0
4C 0 16384 0 -1296.152 -1019.979 -4337.123 0 0 0
4C 0 16384 0 -6389.638 -5115 -10009.29 0 0 0
4C 0 32768 0 -6600.503 -3100.978 -4988.548 0 0 0
4C 0 16384 0 -0.9482567 -400 -771.8668 0 0 0
4C 0 0 0 42.97517 -400 -1096.894 0 0 0
4C 0 0 0 2.573018 -400 -726.3094 0 0 0
4C 0 0 0 43.21693 -400 -730.3115 0 0 0
4C 0 16384 0 -6643.553 -3100.978 -4967.363 0 0 0
4C 0 32512 0 -6558.923 -3100.978 -4984.679 0 0 0
4C 0 0 0 -45.34634 -400 -768.4047 0 0 0
4C 0 65280 0 -6306.153 -5115 -10780.96 0 0 0
4C 0 16384 0 -1579.04 -1020 -4360.304 0 0 0
4C 0 0 0 -43.11681 -400 -1095.495 0 0 0
4D 0 0 0 0.004272014 -1170 -3849.995 0 0 0
4D 0 0 0 -7799.996 -5115.003 -11956 0 4.577637E-05 0
4D 0 16384 0 -8372.001 -5115.064 -12550 0 4.577637E-05 0
4D 0 19360 0 -8352 -5115 -12237 0 4.577637E-05 0
4D 0 16384 0 -500.0034 -1170.026 -4448.999 0 0 0
4D 0 2816 0 -14.99917 -1170 -4151 0 0 0
4D 0 0 0 -9973.996 -6999 -18290 0 0 0
4D 0 3072 0 -8156.498 -5115.064 -12003.2 0 4.577637E-05 0
4D 0 3072 0 -215.0765 -1170 -4401.047 0 0 0
4E 1 0 0 -8196.702 -6283.503 -14530.82 0 0 0
4E 1 0 0 -6300.004 -4648.002 -9947.996 0 0 0
4E 1 0 0 -73.99738 -327.8998 -1253.875 0 0 0
4E 0 49152 0 -1841.004 -756.0049 -4500.004 0 0 0
4E 1 0 0 27.00263 -327.8998 -1253.875 0 0 0
4E 0 0 0 -1599.998 -805.5046 -4045.327 0 0 0
4E 1 16384 0 -6716.925 -3076.435 -5017.873 0 0 0
4E 1 0 0 -6355.004 -4697.69 -9947.996 0 0 0
4E 1 0 0 -8149.001 -6327.503 -14530.82 0 0 0
4E 1 0 0 -25.99738 -327.8998 -1253.875 0 0 0
4E 0 49152 0 -4951.498 -2662.499 -4343.005 0 0 0
4E 1 0 0 -8196.702 -6383.503 -14530.82 0 0 0
4E 0 49152 0 -6610.002 -2771.503 -5195 0 0 0
4E 0 0 16384 -3693.997 -1841.997 -4551.997 0 0 0
4E 0 0 0 -4680.003 -2897.505 -4593.001 0 0 0
4E 0 1024 0 -7320.005 -5100.5 -12065.5 0 0 0
4E 1 16384 0 -6716.925 -3076.435 -4975.873 0 0 0
4E 1 0 0 75.00262 -327.8998 -1253.875 0 0 0
4E 1 0 0 -6685 -2876.004 -5049.801 0 0 0
4E 0 0 0 -1995.997 -655.4524 -4553.001 0 0 0
4E 0 0 16384 -3693.997 -1765.997 -4551.997 0 0 0
4E 0 49152 0 -54.00084 14.5 -1525.001 0 0 0
4E 1 0 0 -6643 -2876.004 -5049.801 0 0 0
4E 0 0 16384 -3693.997 -1681.997 -4551.997 0 0 0
4E 0 0 0 -4013.999 -2048.002 -4593.004 0 0 0
4E 1 0 0 -6685 -3076.435 -5049.801 0 0 0
4E 0 57344 0 -7540.997 -5100.503 -11871 0 0 0
4E 0 32768 0 -1436.114 -805.5046 -4045.227 0 0 0
4E 0 63744 32768 -3935.25 -1476 -4495.411 0 0 0
4F 0 49152 0 -1443.902 -1005 -4361.003 19 13 1
4F 0 49152 0 -6280.698 -5147.545 -11083.54 16 14 0
4F 0 49152 0 -6479.452 -5003.335 -11099.02 35 19 1
4F 0 16384 0 109.9001 -1138.001 -3559 45 30 1
4F 0 0 0 -1470.998 -1001.999 -4420.122 16 14 0
4F 0 49152 0 -5352.901 -2794.999 -4348.003 28 17 1
4F 0 49152 0 -6380.001 -5097.003 -11122 16 14 0
4F 62384 32768 0 0.4542016 97.75813 -1651.796 40 33 1
4F 480 49152 0 -6405.502 -3276.004 -4985.003 17 15 0
4F 453 49152 0 -6615.497 -3075.997 -5096.998 36 20 1
4F 0 32768 0 61.9593 -371.6 -1250.004 17 15 0
4F 57632 32768 0 -9974.004 -6886 -18156 70 46 1
4F 480 49152 0 -6405.502 -3276.004 -5115.003 17 15 0
4F 0 49152 0 -6480.902 -5047.301 -11192.23 16 14 0
4F 0 16384 0 -833.201 -758.0016 -4093.896 35 18 1
4F 0 32768 0 -6242.19 -5097.249 -11258.9 16 14 0
4F 0 49152 0 -6280.898 -5147.545 -11183.54 16 14 0
4F 453 32768 0 -6645.004 -3075.997 -5047.997 18 15 0
4F 57633 49152 0 -7631.803 -5002.998 -11956 70 45 1
4F 0 32768 0 -6327.995 -4606.425 -9946.904 18 13 0
4F 0 49152 0 -6479.452 -5003.335 -11209 35 19 1
4F 0 16384 0 -5056.209 -2743.999 -4316.998 15 13 0
4F 0 49152 0 -3668.999 -953.9987 -4605.003 54 34 1
4F 0 32768 0 -50.0407 -371.6 -1250.004 17 15 2
4F 0 49152 0 -109.8999 -1138.001 -3559 45 30 1
4F 0 16384 0 -5152.204 -2794.086 -4347.202 15 13 0
4F 0 0 0 -1517.998 -1001.999 -4420.222 16 14 0
50 112 0 1 -5665.794 -2976.648 -5048.498 30 0 0
50 160 49170 0 -8164.328 -6397.004 -14227.29 11 7 52
50 180 0 1 -6329.283 -4992.001 -8468.056 20 6 3
50 0 15653 1 -6328.098 -4884.001 -8852.531 10 6 3
50 0 15656 1 -6329.236 -4718.004 -9893.823 20 6 3
50 96 0 0 -6392.589 -2945 -5038.772 10 70 89
50 90 15635 0 -6351.849 -4893.001 -8722.7 20 6 3
50 16 16422 0 -8367.803 -5100.257 -12730.23 31 37 62
50 64 16400 0 -8379.905 -5051.257 -12536.68 31 37 62
50 80 15639 0 -6355.43 -4740.004 -9706.855 20 6 3
50 130 4096 0 -8266.508 -5077 -12083.91 61 27 12
50 0 56 1 -6664.939 -2776.005 -5011.962 20 6 3
50 0 49191 0 -8171.026 -6248.004 -14555.73 31 17 52
50 0 21 0 -6295.754 -3230 -5051.403 10 10 35
50 210 38 1 -6637.185 -3065.005 -5005.589 20 6 3
50 120 21 0 -6484.694 -3077 -5018.058 19 10 6
50 220 49152 0 -8173.343 -6535.004 -13920.3 11 7 52
50 70 15616 1 -6338.783 -4731.004 -9571.326 15 6 3
51 0 11520 0 -6830.013 -2590.242 -6234.568 6 0 2.999609
55 32770 49152 0 -6224.538 -4496 -10056.47 21 0 3.999609
55 1 0 0 -4997.55 -2695.934 -4466.115 70 60.00005 -4450
56 1 0 0 -5004.996 -2711.934 -4647 100 46.00005 -4450
57 0 31852 0 -6355.361 -4915.001 -8692.804 0 0 0
57 0 15872 0 -6478.35 -3101.001 -5018.111 0 0 0
57 0 63120 0 -1459.823 -920.0425 -4376.023 0 0 0
57 0 64480 0 -6357.25 -4759.004 -9690.944 0 0 0
58 23 49152 256 -6327.158 -4486.89 -10049.67 0 5 81
59 0 33792 32768 -3822.654 -1478 -4584.846 0 0 0
59 0 32769 0 -6227.089 -4980.002 -11124.86 0 0 0
59 64854 16331 0 -60.35695 -877.3497 -3051.761 0 0 0
59 0 51022 0 -6403.018 -4296 -7496.04 0 0 0
59 0 51022 0 -6581.284 -4288 -7394.475 0 0 0
59 49152 43014 0 -8288.088 -6129.438 -13709.69 0 0 0
59 49152 43014 0 -8217.164 -6129.438 -13492.32 0 0 0
59 0 54793 0 -9915.267 -6947.114 -16607.25 0 0 0
59 64854 16331 0 59.64305 -877.3497 -3051.761 0 0 0
59 4619 56441 27792 -10017.76 -6938.499 -15853.24 0 0 0
59 0 49047 0 -8175.515 -6153.688 -14473.75 0 0 0
59 0 33792 32768 -4019.782 -1478 -4518.555 0 0 0
59 0 49151 0 -6326.448 -4809.539 -8595.016 0 0 0
59 33450 15578 0 -9133.876 -6608.997 -15354.15 0 0 0
59 0 41852 0 -6432.019 -4477.001 -2.670314E-39 0 0 0
59 0 49152 0 -6664.599 -2782.976 -4988.723 0 0 0
59 0 50049 0 -6679.933 -2341.321 -6045.367 0 0 0
59 0 50049 0 -6679.933 -2460.321 -6045.367 0 0 0
59 0 31983 0 -6383.668 -2898.516 -5037.365 0 0 0
59 0 14131 0 -9980.485 -6997.995 -17703.84 0 0 0
59 0 11989 0 -6224.186 -4478.996 -8453.526 0 0 0
59 0 11989 0 -6434.186 -4478.996 -8453.526 0 0 0
59 0 41852 0 -6222.473 -4477.001 -10047.93 0 0 0
59 4273 48419 65244 -8179.647 -6303.681 -14123.46 0 0 0
59 0 49611 0 0.8238231 -51.12179 -1224.814 0 0 0
59 33450 15578 0 -9010.9 -6608.997 -15367.65 0 0 0
5B 0 48261 0 -105.7667 -172.548 -237.6474 100 0 0
5B 0 48261 0 104.2333 -172.548 -237.6474 100 0 0
5B 0 48261 0 103.7095 115.452 -46.75212 100 0 0
5B 0 48261 0 -95.76666 -42.548 -137.6474 100 0 0
5B 0 48261 0 -96.2905 115.452 -46.75212 100 0 0
5B 0 48261 0 104.2333 -42.548 -137.6474 100 0 0
