0 0 0 0 -3671.742 -1797.92 3007.214 0 0 0
0 0 0 0 1682.35 -1588 1150.94 0 0 0
0 0 0 0 -2984.75 -1675.001 2842.685 0 0 0
0 0 0 0 -2948.197 -1631.001 2882.515 0 0 0
0 0 0 0 -2967.997 -1656.001 2860.126 0 0 0
0 0 0 0 -3019.9 -1711.001 2808.643 0 0 0
0 0 0 0 -3671.412 -1781.92 2988.442 0 0 0
0 0 0 0 -3668.292 -1806.92 3032.056 0 0 0
0 0 0 0 -1931.42 -2044.39 4637.03 0 0 0
0 0 0 0 -1934.78 -2044.39 4655.03 0 0 0
0 0 0 0 -3042.184 -1729.001 2792.417 0 0 0
0 0 0 0 1682.35 -1588 1150.94 0 0 0
0 0 0 0 -3660.257 -1811.92 3058.935 0 0 0
0 0 0 0 -3003.004 -1694.001 2824.552 0 0 0
0 0 0 0 -3669.922 -1763.92 2972.185 0 0 0
0 0 0 0 -144.539 -753.744 1779.101 0 0 0
0 0 0 0 -1929.09 -2044.39 4618.09 0 0 0
2 5148 16384 53061 -3704.848 -1699.91 3070.127 43 2 1
2 4030 0 768 18.32115 -1247.552 1413.897 45 0.6999998 0
2 2990 51200 8708 -556.4184 -773 2249.494 45 1 0
2 256 0 64000 -3735.703 -2192.862 2847.317 30 8 8
2 3445 0 64256 -2388.484 -4228.991 8114.401 55 2.5 8
2 61159 36864 61034 -38.25299 -1093.038 1917.175 47 5 0
2 6785 0 11379 -2512.67 -1784.39 3588.98 80 7.4 8
2 7458 16384 46803 -2064.987 -1640.6 4576.302 25 7 -60
2 2552 63488 1940 -2073.319 -2301 4709.945 50 0.0999999 0
2 1829 49152 11613 54.88001 -915.5049 1824.506 60 6.5 0
2 65279 57644 2882 -3354.04 -2067.6 2807.409 60 4.7 7
2 60000 3320 8094 -3562.19 -1825.91 3188.04 66 5.5 18
2 5639 57556 64750 -509.53 -830 2036.84 35 -1 0
2 2623 57344 65168 -3644.358 -1907.032 2994.852 40 -0.1999998 18
2 63695 0 7701 -878.3408 -773.99 2610.912 48 5.400001 18
3 0 16384 3535 -1640.27 -5058.621 10081.14 7.5 10 3.9
3 0 54528 0 -1067.032 -662.7999 2418.321 8 0 0
3 0 51712 0 -11.46529 -1157.199 1713.74 8 70 100
3 0 8448 0 -2020.627 -1751.919 4634.355 8 5 8
3 0 51200 0 -39.8756 -1158.5 1720.748 7 70 100
3 0 16384 2886 -1567.31 -5038.352 10122.78 7.5 10 3.9
3 0 56064 0 -1091.376 -656.4998 2432.778 7.2 0 0
4 0 16384 0 -3207.78 -1350.92 3029.911 4 0 7
4 0 42282 0 -1988.321 -1703.92 4662.509 164 5 8
4 0 18432 0 -1051.736 -625 2444.908 0 0 0
6 0 370 0 -2879.29 -1762.93 3900.75 2 5 8
6 0 24410 0 -2002.749 -1880.6 4723.824 1 0 0
6 0 53476 0 -2073.82 -2070.6 4687.23 3 3.3 0
6 0 6174 0 -3365.081 -1150.92 2881.982 3 0 150
6 0 32256 0 -2589.92 -3786 8912.2 1 100.9 -10
6 0 9363 0 -2166.665 -2250.6 4415.224 1 3 0
6 0 6144 0 -1941.89 -1850.6 4601.228 2 1.5 0
6 0 53476 0 -2084.6 -2070.6 4681.95 2 3.3 0
6 0 23410 0 -119.6339 -1256.552 1389.682 2 8 0
6 0 26946 0 -3360.984 -2157.6 3205.614 3 0 7
6 0 44614 0 -2094.587 -1920.6 4502.569 2 70 100
6 0 13495 0 -2276.373 -4026 8453.724 4 0.9 12
6 0 370 0 -2916.18 -1762.93 3941.2 4 5 8
6 0 16491 0 -2348.51 -4226.999 8136.984 1 0.9 12
6 0 370 0 -2920.75 -1762.93 3901.19 3 5 8
6 0 19403 64772 -346.1934 -750.0834 1902.997 3 70 100
6 0 53079 0 -2080.19 -2330.6 4685.3 2 1.1 0
6 0 26946 0 -3373.321 -2157.6 3184.935 4 0 7
6 0 32916 0 -3279.93 -1500.92 3162.158 2 2 18
6 0 43143 64494 -2216.186 -3874.593 8651.149 3 73.7 -53.8
6 0 6174 0 -3582.513 -1150.92 3022.592 3 0 150
7 0 57344 8192 -2679.061 -1452.001 2937.968 2 0 0
7 0 17589 0 -2075.056 -2180.151 4424.784 3 0 150
7 7936 20826 0 -2376.694 -3489.308 7228.365 4 0.9 12
7 0 33359 0 -1838.82 -1215.681 2543.266 3 0 0
7 6053 32534 2330 -2183.828 -2018.135 5281.523 3 3.3 0
7 0 31973 55808 -2698.943 -1841.967 3848.735 1 0 0
7 0 24576 7936 -2393.084 -1363.681 2592.425 3 0 0
7 0 0 0 -1098.161 -552.9869 2553.2 1 0 0
7 65495 65346 1091 -2266.9 -3759.83 8915.88 2 10 3.9
7 0 59604 57344 -2362.244 -3057.696 6552.128 1 3.3 0
7 0 43220 57344 -2427.14 -3165.696 6598.03 1 3.3 0
8 0 0 3 -3329.402 -1138.92 3085.216 0 5 5
8 0 0 3 -3427.549 -1138.92 2852.402 0 -6 -6
A 0 38656 0 -510.33 -775 2117.83 -1066 -590 2444
B 0 5811 432 -859.4111 -541.99 2479.665 0 5 218
B 0 51622 512 -2073.84 -1634.92 4641.696 0 1.5 0
B 0 28872 512 -1960.11 -2220.841 4506.167 0 2.8 8
B 0 56742 512 -2103.273 -1647.92 4692.96 0 1.5 0
B 0 10240 976 -571.0178 -664 2327.489 2 0.15 0
B 1415 11207 1376 -2330.06 -2130.426 5477.319 0 0.9999967 -0.8000031
B 0 16384 736 -2423.282 -3809 8666.338 0 3 -10
B 0 5811 432 -712.161 -591.99 2500.412 0 5 218
B 1415 19399 1376 -2333.068 -2098.426 5393.303 0 1.499997 -0.8000031
B 586 24576 14 -2706.25 -1741.25 3507.07 0 1 0
B 0 5811 688 -524.09 -767.99 2480.75 5 3 56
B 4 8386 772 -2146.677 -2140.998 4537.296 6 2 20
B 0 5811 432 -670.2346 -614.99 2463.074 0 4 118
B 0 5811 432 -818.1513 -560.99 2516.802 0 5 218
B 0 12288 736 -2417.461 -3834 8598.013 0 4 -10
B 0 12288 372 -520.08 -763.44 2187.81 0 5 40
B 0 5811 432 -981.2788 -523.99 2440.99 2 105 18
B 0 5811 432 -767.3375 -579.99 2497.163 0 5 218
B 0 24576 224 -2278.394 -3881 8439.085 0 3 -10
B 0 5811 688 -496.61 -783.99 2432.91 5 3 30
B 0 5811 432 -917.2516 -523.99 2475.571 2 105 418
B 7 5811 176 -577.57 -769.99 2502.96 6 3 20
E 0 49152 0 -1196.959 -4856.04 10065.09 6.5 10 3.9
E 1 46080 0 -3444.634 -1047.56 3001.68 27 0 8
11 62208 18944 0 -2198.705 -1908.998 5158.965 20 -3.33786E-06 6
11 8192 0 0 -9.5 -344.5768 461.8047 40 0 6
11 57136 46336 0 -1082.557 -550.9869 2556.735 30 0 8
11 9952 5120 4864 -3577.873 -1808.92 3175.252 19 0 7
11 8192 0 0 9.760796 -925.0007 1046.065 40 0 6
11 56832 20480 0 -800.3945 -720 2348.555 12 0 3
12 0 0 16384 -3660.743 -1229 3085.324 20 0 6
12 0 0 49152 -2554.47 -1757.39 3514.96 20 0 8
12 0 0 16384 -2075.086 -1697.92 4657.099 15 0 8
12 0 0 16384 -592.66 -620 2422.04 22 0 8
13 0 26112 0 -105.2583 -1125 1715.01 2 45 100
16 0 16384 0 -530.8867 -774.9999 1930.004 1 1.043081E-07 0
16 0 55267 0 -3625.327 -1820.92 3078.33 2 3 40
16 0 40960 0 -2286.637 -3876 8527.823 1 0 18
16 0 32768 0 -2286.637 -4026 8459.823 2 0 18
16 0 15104 0 -3327.84 -1500.92 3140.22 1 0 18
16 0 14037 0 -1943.003 -2050.6 4609.004 2 0 18
18 0 32256 0 -2591.54 -3786 8945.78 3 100.9 -10
18 0 56051 0 -3326.84 -1500.92 3139.9 180 2 18
18 0 32256 0 -2571.54 -3786 8946.78 3 100.9 -10
18 0 0 0 -3248.305 -1350.92 2990.304 180 2 18
19 0 32256 0 -2589.682 -3786 8912.057 3 100.9 -10
1A 0 0 0 -592.66 -625 2422.04 27 0 8
1D 0 13824 0 -2450.97 -3785.999 8866.203 4 100.9 -10
1D 0 13824 0 -2526.503 -3785.999 8846.657 4 100.9 -10
1D 0 20480 0 -2117.01 -2250.52 4441.94 4 2 -17
1E 11 11207 64608 -2385.824 -2217.426 5497.289 0 0.9999967 210.2
21 0 30976 0 -3259.313 -1350.92 2960.337 1 1 1
22 5 26370 64768 -140.6655 -1082.599 1630.629 40 60 5
22 5 58370 768 -168.6105 -851.8 1760.004 50 80 7
22 5 61954 2048 -100.5351 -1059.179 1563.792 40 75 7
22 5 11522 62720 -2462.854 -3884.027 8582.482 60 20 9
22 5 14594 62976 -519.3312 -735.7979 1930.671 35 60 5
22 5 12802 61440 -2360.759 -3846.027 8690.91 50 20 7
22 5 2 4864 -84.14156 -1100 1487.367 40 60 5
22 5 29698 55552 -2510.663 -3803.398 8956.541 45 40 6
22 5 9730 256 -577.7587 -753.1007 2339.147 40 60 7
22 5 20482 61184 -354.2114 -808.397 1887.131 50 40 5
22 5 4866 6400 -2346.324 -3884.015 8560.623 35 30 5
22 5 8706 4096 -2359.67 -4020.807 8402.953 60 45 5
23 0 0 0 -3228.305 -1350.92 2970.304 180 2 18
23 0 0 0 -3228.305 -1350.92 2990.304 180 2 18
25 82 16384 0 -2.823642 -1037.332 1183.426 70.3 40.1 30
25 0 1717 0 -1973.53 -4952.64 10089.22 26.5 20 23.9
25 0 1717 0 -1736.08 -4843.64 10106.65 56.3 40.2 33.10001
25 55 16573 532 -2362.73 -3952.75 8033.48 54 65.1 38.1
26 0 20480 0 -965.0456 -775 2406.483 130 0 0
26 0 56203 0 -273.96 -925 1872.12 100 0 0
26 0 19580 0 -3660.743 -1235 3085.324 0 0 7
26 0 33602 0 -3302.744 -1150.92 3012.247 0 50 78
26 0 64753 0 -3278.403 -1500.92 3128.52 100 2 18
26 0 24576 0 -1935.789 -2200.6 4566.003 100 1.8 8
26 0 64753 0 -3367.922 -1699.92 3200.659 180 2 18
26 0 24166 0 -3192.319 -2160.609 3111.907 600 0 7
26 0 61656 0 -3663.908 -1380.92 3009.988 40 0 7
26 0 56064 0 -3502.399 -1094.24 2985.954 -10 30 78
26 0 61440 0 -2131.236 -2210.6 4791.132 250.4 70 100
26 0 14150 0 -2145.49 -1920.6 4546.839 100 70 100
26 0 43821 0 -2335.207 -4026 8441.005 50 65 38
26 1024 57179 1024 -1950.61 -2050.6 4688.257 60 1.8 8
26 0 0 0 -2081.15 -1880.6 4774.22 140.4 0 0
27 1 63744 4 -3376.097 -1084.24 3008.968 2.8 0 40
27 2 30976 6 -3416.065 -1095.24 3172.808 2.5 0 150
27 1 37012 3 -3271.201 -1848.01 3250.449 1.6 290 120
27 1 31944 1 -3417.54 -1700.92 3208.9 2.1 0 10
27 1 32768 1 -2480.882 -3813.122 8681.723 1.6 -7.629395E-06 10
27 1 18630 3 -2081.925 -2003.602 4842.963 0.6999999 100 128
28 0 23260 0 -3268.014 -1528.603 3174.151 0 0 0
28 0 28719 0 -2258.634 -3898.803 8507.435 0 0 0
28 63144 60246 64312 -2511.043 -3825.644 8639.674 0 0 0
28 0 21518 0 -3176.984 -1458.92 3077.181 0 0 0
28 0 29487 0 -2381.972 -3802.704 8846.303 0 0 0
28 1385 430 1191 -2431.673 -3931.353 8437.192 0 0 0
28 0 50296 0 -668.8856 -722.1679 2258.119 0 0 0
2A 64339 44815 516 -352.2412 -752.1479 1886.232 0 0 0
2A 0 7094 0 -3506.918 -1094.24 3073.217 30 0 4
2A 0 63424 0 -585.894 -774.9929 2315.822 0 0 0
2A 0 25309 0 -2444.666 -3875.999 8604.419 0 0 0
2A 0 11190 0 -3458.954 -1094.24 3091.832 30 0 4
2A 0 59062 0 -3440.258 -1094.24 2907.22 30 0 4
2A 0 34487 0 -2377.788 -3843 8686.879 0 0 0
2A 0 950 0 -3534.738 -1094.24 3038.038 30 0 4
2A 0 62390 0 -3539.007 -1094.24 2990.101 30 0 4
2A 0 54272 0 -464.0371 -825 1991.263 0 0 0
2A 0 48279 0 -380.6815 -825.0099 1889.668 0 0 0
2A 0 60854 0 -3523.709 -1094.24 2946.533 30 0 4
2A 0 57782 0 -3487.713 -1094.24 2915.216 30 0 4
2A 0 53248 0 -528.6183 -775 2000.375 0 0 0
2A 0 30792 0 -2282.324 -3875.999 8511.452 0 0 0
2A 0 33822 0 -2264.662 -4026 8315.027 0 0 0
2B 0 16384 0 -2419.664 -3921 8450.026 1 3.3 0
2B 0 48384 0 -2289.18 -4026 8379.019 2 3.3 0
2B 0 16896 0 -2585.378 -3785.999 8860.258 3 100.9 -10
2B 0 47104 0 -2429.959 -3785.999 8943.89 3 100.9 -10
2B 0 17408 0 -2390.449 -4026 8278.354 2 3.3 0
2C 0 11513 0 1.853859 -1047 1802.221 0.6 0 0
2C 1280 41242 0 -2459.459 -4006 8374.855 2 0 0
2C 0 60160 0 -1414.219 -4944.527 10210.53 2.999969 0 0
2C 0 58207 0 -3580.516 -1756.92 3282.967 3 0 0
2C 61440 56944 0 -3710.896 -1818.53 3173.97 1 0 0
2C 0 47412 0 -639.3194 -803 2103.562 2 0 0
2C 0 64000 0 -618.8755 -649.9982 2574.736 2 0 0
2C 61440 51474 0 45.05132 -1044.999 1601.306 0.9 0 0
2C 63232 40124 0 -34.26092 -881 1819.099 2.1 0 0
2C 63488 51823 0 -2703.183 -3783.969 8953.216 2.5 0 0
2C 0 51568 0 -3705.348 -1701.932 3059.959 1 0 0
2C 0 15215 0 -2273.43 -3842.968 8765.307 2.5 0 0
2C 3328 63829 0 -687.2856 -693 1977.362 2.1 0 0
2C 192 65524 194 -2542.661 -3806.495 9094.433 3 0 0
2C 2560 38121 0 -159.4709 -821 2011.952 2.1 0 0
2C 0 49152 0 -3700.713 -1908.002 2999.103 0 0 0
2D 0 53504 0 -3460.618 -1260 2997.42 60 0 7
2D 0 12288 0 -3404.344 -2186.448 3025.914 100 2 18
2D 0 15616 0 -229.7404 -1268.552 1403.773 0 0 0
2E 0 14437 0 -2133.078 -1703.915 4710.285 0 0 0
2E 65535 23972 42 -2515.784 -3813.247 8682.674 2 0 0
2E 0 63589 0 -1999.13 -1703.915 4586.955 0 0 0
2E 0 47399 0 -2120.059 -2250.521 4362.215 0 0 0
2E 0 35923 0 58.24884 -1124.999 1693.606 0 0 0
2E 0 11684 0 -2382.434 -4026 8226.142 2 0 0
2E 0 28068 0 -2412.062 -3843 8653.875 2 0 0
2E 0 23972 0 -2312.744 -3875.999 8492.553 2 0 0
2E 0 38951 0 -2128.875 -2250.521 4522.985 0 0 0
2F 0 33343 0 -3615.374 -1150.92 3033.297 0 0 0
2F 0 7561 0 -3349.375 -1150.921 2918.707 0 0 0
2F 0 9344 0 -3316.669 -2067.6 2815.79 0 0 0
2F 0 61440 0 -3327.63 -1150.921 3043.383 0 0 0
2F 0 575 0 -3280.694 -1150.908 2980.934 0 0 0
2F 0 45631 0 -3517.049 -1150.908 3157.076 0 0 0
2F 0 5543 0 -3410.301 -1094.237 2970.751 0 0 0
2F 0 16384 0 -3463.96 -1150.921 2870.895 0 0 0
2F 0 54951 0 -3422.2 -1094.237 3041.549 0 0 0
2F 0 11705 0 -3385.451 -1150.92 2843.549 0 0 0
2F 0 38567 0 -3490.793 -1094.237 3027.908 0 0 0
2F 0 32166 0 -2074.892 -1920.6 4503.984 100 70 100
2F 0 28672 0 -3437.14 -1047.56 3003.689 27 0 8
2F 0 49152 0 -3436.379 -1150.921 3127.036 0 0 0
2F 0 23993 0 -3568.287 -1150.92 2876.448 0 0 0
2F 0 40960 0 -3544.803 -1150.921 3082.184 0 0 0
2F 0 22183 0 -3477.093 -1094.237 2957.025 0 0 0
2F 0 57919 0 -3346.225 -1150.908 3132.519 0 0 0
2F 0 26279 0 -3572.285 -1150.92 2960.826 0 0 0
30 38656 45423 38400 -2376.186 -4026 8228.394 0 0 0
30 9984 32879 0 -2408.938 -3843 8647.232 0 0 0
30 4352 38944 0 -141.2455 -925.0001 1780.741 0 0 0
30 61184 22042 61440 -308.8499 -862 1884.568 0 0 0
30 7383 40504 62531 -2438.776 -3786.612 8900.317 0 0 0
30 5120 39341 64256 -2392.598 -3875.999 8579.039 0 0 0
30 0 28813 0 -2002.246 -2237.152 4484.619 0 0 0
30 512 45131 0 -2072.415 -2236.289 4513.777 0 0 0
30 0 52536 61952 -2358.206 -3843 8652.816 0 0 0
30 57344 32902 0 -3326.852 -2070.605 2800.247 0 0 0
30 4096 28795 0 -1950.641 -2053.203 4588.613 0 0 0
30 61440 11454 0 -2061.811 -1704.714 4701.596 10 0 0
30 4096 39481 61440 -531.2689 -775 1967.666 0 0 0
30 62720 14463 5376 -478.7512 -805.504 1955.441 0 0 0
30 4096 49530 61440 -2132.371 -1704.422 4647.612 10 0 0
30 512 56601 57344 -2083.034 -1703.92 4592.971 10 0 0
30 8192 35205 0 -331.0448 -825.6998 1938.41 0 0 0
30 57344 8735 4096 -2011.127 -1881.193 4706.135 135.4 70 100
30 3840 44399 61696 -2315.704 -4026 8343.3 0 0 0
30 0 21865 0 -1909.958 -2053.742 4623.204 0 0 0
30 4096 30725 4096 -2296.206 -3875.999 8526.776 0 0 0
30 61440 20718 0 -3297.651 -2067.597 2828.76 0 0 0
30 64512 52591 56320 -2319.963 -3876.599 8490.06 0 0 0
30 57344 62464 0 -1967.052 -1703.72 4692.175 10 0 0
30 61440 1801 0 -2122.825 -1704.723 4738.979 10 0 0
30 256 20465 8192 -315.6864 -825 1950.396 0 0 0
30 0 26790 0 -2078.529 -1884.697 4746.835 0 0 0
30 0 30782 0 -1933.625 -2203.896 4538.683 0 0 0
30 0 530 0 -2019.587 -1883.292 4746.029 0 0 0
30 3328 22560 3328 -111.1745 -925.0001 1787.313 0 0 0
30 8960 34221 64768 -2366.851 -3921.701 8464.293 0 0 0
30 62464 12831 2048 -1974.574 -1884.492 4727.454 135.4 70 100
30 0 15295 8192 -1964.431 -2050.594 4665.517 0 0 0
30 0 21356 0 -287.118 -840.8 1913.99 0 0 0
30 0 16104 0 -1938.092 -2053.803 4701.421 0 0 0
30 8192 39341 0 -2309.743 -3875.999 8536.614 0 0 0
30 512 56601 53248 -2007.245 -1704.32 4588.505 10 0 0
30 0 18066 8192 -2075.239 -1704.72 4655.485 10 0 0
30 7424 26880 4096 63.73563 -1125 1687.715 0 0 0
30 4096 3262 0 -1949.156 -1704.52 4719.173 10 0 0
30 0 50834 57344 -2075.978 -1704.62 4654.869 10 0 0
30 6400 30831 1280 -2377.201 -3921 8427.252 0 0 0
30 7424 26880 4096 -101.4365 -1125 1648.421 0 0 0
30 0 16630 0 -318.4451 -828.0886 1854.955 0 0 0
30 4096 17971 4096 -1950.062 -2050.6 4622.228 0 0 0
31 0 39144 0 -1931.398 -2200.69 4597.071 0 0 0
31 0 47402 0 -603.6576 -775 2317.33 0 0 0
31 0 1362 0 -423.5523 -825.0131 1995.859 0 0 0
31 0 48720 65118 -1326.171 -4928.739 10129.32 135.4 70 100
31 0 28242 0 -617.764 -624.9954 2473.334 0 0 0
31 0 47387 0 79.49243 -1125 1507.41 0 0 0
31 0 60917 65435 -1369.744 -4927.996 10142.04 0 0 0
31 0 32808 0 -2477.256 -3786 8992.365 135.4 70 100
31 0 13295 0 -2566.896 -3784.999 8774.117 1.6 -7.629395E-06 10
31 0 7250 0 -3618.33 -1380.92 2825.969 30 0 4
31 0 39790 0 -3562.429 -1750.92 2788.131 0 0 0
31 0 31013 0 -1046.516 -625 2387.605 0 0 0
31 0 47387 0 66.44044 -1125 1604.396 0 0 0
31 0 61577 0 -3515.492 -1700.92 3229.973 0 0 0
31 0 12626 0 -3656.466 -1380.92 2866.72 30 0 4
31 0 43020 0 37.06901 -1124.993 1664.579 0 0 0
31 0 50432 0 -1964.634 -1703.92 4607.054 10 0 0
31 0 45166 0 -3665.953 -1750.92 2899.349 0 0 0
31 0 7091 0 -3508.985 -1094.24 2926.707 30 0 4
31 0 22774 0 -302.1523 -925 1867.63 0 0 0
31 0 32808 0 -2545.876 -3785.999 8990.32 135.4 70 100
31 0 1715 0 -3466.305 -1094.24 2906.951 30 0 4
31 0 55718 0 -2061.347 -1920.6 4496.654 100 70 100
31 0 37718 0 -981.4135 -774.9857 2373.895 0 0 0
31 0 12114 0 -3670.305 -1380.92 2908.086 30 0 4
31 0 6822 0 -2126.989 -1920.6 4507.769 100 70 100
31 0 1536 0 -3456.391 -1700.92 3240.738 0 0 0
31 0 4352 0 -3188.458 -1350.92 3067.001 0 0 0
31 55 32768 0 -2484.633 -3813.021 8635.074 0 0 0
31 0 22774 0 -274.6937 -925 1909.406 0 0 0
31 0 49231 3535 -1787.043 -5046.571 10100.11 135.4 70 100
31 0 49231 3535 -1786.506 -5046.382 10146.12 135.4 70 100
31 0 13295 0 -2583.794 -3784.999 8831.095 1.6 -7.629395E-06 10
31 0 29672 0 -2021.171 -2233.841 4483.077 0 0 0
31 0 23475 0 -3524.553 -1094.24 3056.693 30 0 4
31 0 28851 0 -3484.983 -1094.24 3086.516 30 0 4
31 0 18099 0 -3542.649 -1094.24 3014.684 30 0 4
31 0 53840 65118 -1326.925 -4928.708 10058.66 135.4 70 100
31 0 29107 0 -3414.546 -1094.24 2912.526 30 0 4
31 0 4853 65435 -1355.827 -4927.996 10046.4 0 0 0
31 0 44882 0 -644.2925 -624.9954 2400.339 0 0 0
31 0 55023 0 -1938.618 -1703.92 4665.948 0 0 0
31 0 36182 0 -959.8081 -774.9857 2446.421 0 0 0
31 0 32768 0 -2272.407 -4026 8329.592 0 0 0
31 0 7091 0 -3395.305 -1094.24 3076.432 30 0 4
31 0 28360 0 -1978.473 -2050.6 4705.764 0 0 0
31 0 47603 0 -2411.6 -3785.999 8949.99 135.4 70 100
31 0 50163 0 -543.5251 -775 1942.558 0 0 0
31 0 32773 0 -2415.714 -3921.4 8463.401 0 0 0
31 0 49152 0 -2392.296 -4026 8336.651 0 0 0
31 0 23731 0 -3376.333 -1094.24 2941.297 30 0 4
31 0 39790 0 -3633.43 -1750.92 2843.015 0 0 0
31 0 12467 0 -3537.587 -1094.24 2965.768 30 0 4
31 0 42021 0 -1008.314 -625 2479.975 0 0 0
31 0 36864 0 -2112.118 -1703.92 4601.112 10 0 0
31 0 47872 0 -2395.366 -4026 8383.183 0 0 0
31 0 51192 0 -2252.636 -3903 8436.493 0 0 0
31 0 49231 3535 -1788.322 -5047.022 10055.59 135.4 70 100
31 0 32773 0 -2382.714 -3921 8463.401 0 0 0
31 0 34227 0 -3434.006 -1094.24 3092.358 30 0 4
32 0 29317 0 -1086.26 -624.9869 2483.214 0 0 0
32 0 33792 0 -923.9477 -775 2422.623 0 0 0
32 0 31963 0 -3467.51 -1750.92 2811.569 0 0 0
32 0 57456 0 -3196.996 -1350.938 2984.454 0 0 0
33 64768 20481 0 -755.8947 -706.04 2321.715 0 0 0
33 60826 32743 406 -2507.713 -3889.606 9166.175 0 0 0
33 57856 32768 0 -2367.556 -3421.246 7076.384 135.4 70 100
33 62106 61803 13134 -2297.965 -2852.38 6281.548 0 0 0
33 63744 49121 0 -3097.145 -1357.92 3030.141 0 0 0
33 57344 32768 0 -0.0008006096 462.0014 -361.5284 0 0 0
33 4162 2278 9794 -2294.931 -2845.995 6005.271 0 0 0
33 21760 1498 35584 -2396.977 -2698.954 5834.06 0 0 0
33 2171 62431 6759 -1912.853 -1737.283 4804.375 0 0 0
33 64437 34467 62401 -2505.723 -3902.372 9285.926 135.4 70 100
33 56832 17152 65360 -1264.196 -679 2474.242 0 0 0
33 61184 20224 1792 -2445.791 -2932.817 6450.613 135.4 70 100
33 52480 26112 58368 -2596.301 -3037.813 6494.242 135.4 70 100
33 56832 17152 65360 -1345.155 -760.8003 2485.126 0 0 0
33 57344 32768 0 0.2940545 309.0014 -208.5789 0 0 0
33 724 61229 9359 -1934.811 -1788.35 4934.663 0 0 0
33 57344 32768 0 -0.001603356 390.0014 -289.8606 0 0 0
33 59392 45159 0 -2592.334 -3156.035 6607.717 135.4 70 100
33 64036 42823 53919 -2472.21 -4151.988 9239.165 0 0 0
33 55296 32768 0 -2367.904 -3498.527 7145.736 135.4 70 100
33 54784 34304 64256 -2370.558 -3599.085 7212.354 135.4 70 100
33 53735 36038 65023 -2520.429 -3941.436 9123.316 0 0 0
33 56309 42280 61420 -2507.886 -4013.681 9156.446 0 0 0
33 56832 17408 65360 -1441.851 -860.2 2499.207 0 0 0
34 50944 19456 53504 -2022.352 -1286 2561.566 9 0 0
34 62720 31232 1280 -2720.709 -1709.034 3284.199 10 0 0
34 65280 17664 8192 -1707.955 -1134.797 2545.418 9 0 0
34 57344 32000 5632 -2746.599 -1595.596 3126.106 10 0 0
34 2048 28160 7168 -2269.008 -3963.61 7682.083 24.99997 0 0
34 61440 32196 6229 -2676.762 -1813.783 3775.343 12.99999 0 0
34 1536 47104 54528 -2285.057 -4585.055 10087.06 24 0 0
34 57344 32768 0 9.027264 -338.33 432.5992 6 0 0
34 62650 39129 54096 -2536.739 -4137.49 9826.992 20 0 0
34 50944 44800 9984 -2481.549 -2096.718 4031.306 10 0 0
34 747 20201 4032 -2085.978 -1892.863 5140.097 15 0 0
34 55552 34304 0 -2146.564 -4619.015 9819.477 23 0 0
34 52992 22784 55040 -2318.008 -1353.307 2559.228 10 0 0
34 19712 60416 45824 -2183.355 -2047.691 5332.85 16 0 0
34 57600 25856 63232 -2259.911 -2197.969 5505.827 15 0 0
34 62976 39936 63232 -2341.131 -4301.479 9401.291 20 0 0
34 61440 30788 65322 -2470.323 -4008.872 9481.841 19.99997 0 0
34 64512 45056 55296 -2459.656 -4359.851 10013.77 20 0 0
34 59648 32768 0 9.225718 0.4522658 94.47269 5 0 0
34 53248 22272 56064 -2252.794 -1954.574 5183.668 15 0 0
34 55808 32768 0 9.184582 -140.7477 235.955 5 0 0
34 64768 41854 53284 -2520.921 -4227.949 9923.332 20 0 0
34 55040 35840 6656 -2815.229 -1503.166 3041.025 9 0 0
34 5888 57344 55808 -3007.328 -1965.859 3779.844 14.99997 0 0
34 57088 31744 4608 -2178.941 -4456 9663.228 20 0 0
34 55623 10336 56811 -2955.965 -1917.208 4079.476 14.99997 0 0
34 62720 39680 779 -2702.455 -2011.93 3890.891 10 0 0
34 60160 40192 1792 -2329.783 -3887.412 7448.564 24.99997 0 0
34 64512 45568 55296 -2400.608 -4446.851 10051.51 24 0 0
35 59392 25344 0 -2193.45 -2129.903 5419.384 15 0 0
35 2448 16309 9209 -1924.572 -1256.176 2546.567 9 9.685755E-07 0
35 62464 31254 65114 -2746.924 -1729.856 3337.985 9 0 0
35 57478 26879 104 -2346.621 -2277.557 5573.9 10 0 0
35 1958 28399 5376 -2327.832 -3983.415 7753.892 25 0 0
35 57344 32547 2515 -2153.475 -4560.222 9767.34 23 0 0
35 1031 17232 7957 -1619.581 -1043.604 2515.365 10 9.685755E-07 0
35 59302 34304 6912 -2266.574 -3934.777 7546.637 25 0 0
35 64256 31621 62075 -2789.352 -1749.042 3509.251 10 0 0
35 64000 41472 62464 -2451.836 -2057.134 5292.679 14 0 0
35 55296 32768 6400 -2793.588 -1552.743 3073.125 10 0 0
35 60928 37075 2231 -2257.639 -4353.136 9511.073 20 0 0
35 61184 5120 59820 -3026.744 -1940.031 4011.119 13.99999 0 0
35 61440 32768 0 -9.602011 -288.9014 383.2071 6 0 0
35 63232 30976 59903 -2492.765 -4013.526 9573.582 20 0 0
35 58880 19200 61440 -2169.062 -1918.153 5150.281 15 0 0
35 56064 40704 9984 -2839.77 -2000.441 3770.62 12.99997 0 0
35 60416 32768 0 -8.172729 -101.2478 196.5439 5 0 -1.265412E-31
35 57344 32768 0 -8.109608 -424.7298 518.6697 6 0 0
35 55552 36643 63955 -2131.744 -4766.121 9939.064 23 0 0
35 16384 8192 19456 -2230.246 -1321.618 2535.196 8 0 0
35 57344 37632 60473 -2415.501 -3790.593 7344.669 14.99997 0 0
35 58368 36792 61303 -2490.866 -3930.632 9337.002 14.99997 0 0
35 61440 32768 0 -8.789203 84.44897 11.10364 4 0 0
35 2816 40960 58123 -2647.071 -2029.732 3989.519 10 0 0
36 912 6801 576 -258.8506 -862.1996 1803.711 2.1 0 0
36 2 12463 0 -3283.448 -1301.022 3057.362 0 0 0
36 65504 61608 0 -3502.483 -1652.521 3168.309 2.1 0 0
36 1024 9361 576 -177.0598 -831.3994 1715.843 2.1 0 0
36 0 39836 0 -3563.865 -1718.721 2865.919 2.1 0 0
36 512 6821 0 -300.1095 -693.9992 1846.772 2.1 0 0
36 0 61358 65344 -3350.391 -1582.92 3177.053 0 0 0
36 2 7103 0 -3343.005 -1427.02 3139.06 0 0 0
36 208 17196 64208 -510.7396 -851.2399 2278.034 2.1 0 0
36 0 50416 0 -3553.557 -1769.521 3174.992 2.1 0 0
36 0 49156 992 -1795.165 -5095.699 10109.54 135.4 70 100
36 400 26072 65056 -104.6043 -998.2106 1719.015 2.1 0 0
36 65504 50713 0 -3622.339 -1757.121 3036.272 2.1 0 0
37 32 52127 128 -101.3059 -1125 1521.004 10 0 0
37 33 56083 256 -2163.667 -2100.6 4596.894 3 2 20
37 17 1151 256 -16.91815 -1243.552 1429.725 7 0 18
37 273 2960 3535 -1769.388 -5040.584 10077.76 -1.192093E-07 1.043081E-07 0
37 33 56083 256 -2433.667 -3843 8693.894 5 2 20
37 273 14513 0 -464.5808 -825 1991.103 10 0 0
37 33 26343 256 -3187.664 -1350.02 3056.508 5 4 118
37 16 25166 128 -1421.797 -4935.078 10190.39 10 1.043081E-07 0
37 32 38035 96 -2126.899 -2250.6 4347.573 3 3 0
37 16 8192 125 -131.6051 -762.304 1787.89 10 1.043081E-07 0
37 32 36353 128 -2421.688 -3921 8437.592 5 30 30
37 16 31704 256 -1157.312 -640.5172 2319.287 10 0 0
37 17 4913 128 -2022.038 -1703.92 4565.344 5 190 30
37 16 55421 256 -2554.47 -1754.39 3514.96 14 2 18
38 0 31758 2048 -2347.514 -3977.474 7897.948 135.4 70 100
38 0 32131 0 8.755342 -1059.963 1244.788 0 0 0
38 0 48765 0 -1815.808 -4861.504 10101.15 3 100.9 -9.999998
38 818 17398 63114 -3248.318 -1784.906 2763.545 0 0 0
38 1217 36864 0 -2203.107 -2165.864 4305.955 0 0 0
38 3168 35484 3865 -2373.494 -3271.825 6758.243 0 0 0
38 0 32131 0 8.686246 -1059.463 1170.68 0 0 0
38 16 49222 66 -1961.788 -4954.135 10089.82 3 100.9 -9.999998
38 818 17398 63114 -3337 -1757.906 2775.011 0 0 0
38 16 44614 57954 -2077.124 -4921.739 10063.82 3 100.9 -9.999998
38 0 36864 2304 -2254.145 -2154.843 4178.969 0 0 0
38 3670 32991 772 -2363.783 -3252.135 6862.131 135.4 70 100
38 0 32956 512 -2355.214 -3970.341 8012.537 135.4 70 100
39 1548 49088 62613 -1926.985 -4821.149 10101.9 3 100.9 -9.999998
39 0 32131 0 -9.064013 -1029.063 1126.624 0 0 0
39 2429 34135 2062 -2382.225 -3266.654 6821.191 135.4 70 100
39 0 17999 0 -3210.246 -1787.186 2741.471 0 0 0
39 0 17999 0 -3299.601 -1772.385 2751.514 0 0 0
39 16 46150 66 -2030.791 -4947.739 10084.38 3 100.9 -9.999998
39 64512 32956 981 -2378.972 -3966.197 8062.136 135.4 70 100
39 61440 32412 1237 -2376.183 -3976.992 7962.883 135.4 70 100
39 0 32131 0 -8.968938 -1068.063 1211.762 0 0 0
39 60751 24284 7206 -2650.411 -1440.398 2921.062 20 9.685755E-07 0
39 0 37632 5632 -2309.015 -2152.824 4117.171 0 0 0
39 63841 27717 5149 -2577.615 -1410.282 2796.95 20 9.685755E-07 0
39 0 36864 1792 -2250.17 -2161.722 4232.866 0 0 0
39 0 48765 0 -1728.477 -4876.504 10100.5 3 100.9 -9.999998
39 5472 37532 5145 -2417.448 -3277.028 6703.815 0 0 0
3B 768 32768 0 -2356.622 -4074.477 8193.246 0 0 0
3B 65520 20529 0 -987.9387 -686 2420.736 4 0 0
3B 593 31403 0 -7.293463 -1173.549 1465.616 0 0 0
3B 768 32768 0 -2303.053 -4155.881 8198.744 0 0 0
3B 0 28925 0 -3395.395 -1688.82 2832.601 0 0 0
3B 944 17696 256 -2260.483 -4130.602 8232.114 0 0 0
3B 65264 33266 0 -2306.966 -3992.78 8466.502 0 0 0
3B 593 15003 0 -110.9885 -910.5487 1549.997 0 0 0
3C 0 28830 0 -3285.15 -1696.798 2828.501 2.5 0 0
3C 0 46423 0 -3015.283 -1978.913 3885.505 2.5 0 0
3C 0 57856 0 -139.3223 754 -526.446 4 0 0
3C 0 7936 0 -3212.908 -1701.021 3235.408 3 0 0
3C 0 19968 0 -65.30496 -1071.086 1345.414 2 0 0
3C 0 11008 0 -926.1016 -678.8184 2517.551 2.5 0 0
3C 0 5632 0 -3315.159 -2024.016 3212.965 2 0 0
3C 0 14911 0 -2726.84 -1795.276 3930.623 3 0 0
3D 0 32768 0 -2348.308 -4251.999 8358.885 2.4 1.8 8
3D 0 42713 0 -3510.625 -2216.862 2957.808 30 0 8
3E 0 47872 2886 -1560.696 -4988.528 10049.89 2 0 0
3E 0 17966 0 -3444.819 -1648.121 3176.899 2.1 0 0
3E 56576 12334 0 -3306.347 -1624.121 3195.281 2.1 0 0
3E 0 61636 0 -3615.359 -1706.521 2940.527 2.1 0 0
3E 0 33829 0 -2261.424 -4085.498 8201.663 0 0 0
44 0 28672 0 -2012.392 -2070.6 4536.069 2.4 1.9 8
44 0 27392 0 -3338.593 -2157.6 3180.567 4 0 7
44 0 62464 0 -538.1044 -775 2347.916 2.5 0 150
45 0 4096 0 -3241.851 -1327.92 2911.254 30 0 1
45 0 4096 0 -3235.419 -1327.92 2936.611 30 0 1
45 64256 22016 0 -3560.333 -1361.92 2824.935 30 0 1
45 0 4096 0 -3250.536 -1327.92 2885.393 30 0 1
45 64256 22016 0 -3467.092 -1347.92 2769.56 30 0 1
45 0 4096 0 -3319.803 -1331.92 2792.982 30 0 1
45 0 4096 0 -3276.492 -1328.92 2835.545 30 0 1
45 64512 14848 0 -3350.835 -1334.92 2779.207 30 0 3
45 64256 22016 0 -3582.062 -1362.92 2847.042 30 0 1
45 0 4096 0 -3229.052 -1326.92 2961.746 30 0 1
45 64256 22016 0 -3501.678 -1354.92 2783.799 30 0 2
45 0 4096 0 -3294.558 -1329.92 2812.927 30 0 1
45 0 4096 0 -3260.69 -1327.92 2859.005 30 0 1
4A 0 0 0 -1948.697 -4948.322 10090.18 -6 0 0
4A 0 0 0 -1692.218 -4875.43 10100.63 -6 0 0
4C 0 16384 0 -25 739.998 -525.0038 0 100 0
4C 0 16384 0 5.000002 739.998 -525.0038 0 100 0
4C 0 16384 0 -10 739.998 -545.0038 0 1000 300
4C 0 16384 0 -10 754.998 -510.0038 0 100 0
51 768 22272 64256 47.49854 425.119 -589.6186 0 0 0
52 128 57362 0 -2059.708 -1875.597 4793.597 5 76 10
52 128 8224 5376 -2242.394 -2168.357 5474.151 75 15 20
52 340 38912 61440 -2400.655 -2900.132 6411.1 100 30 30
52 1 47398 61952 -1968.363 -1813.597 5006.07 15 16 20
52 208 32 1 -2687.905 -1448.393 2934.196 13 0 0
52 5 4133 0 -827.3134 -762.04 2359.843 3 7 3
52 192 0 1 -1832.66 -1210.393 2535.586 13 0 0
52 70 4112 0 -705.0595 -705.04 2308.76 30 7 2
52 78 0 1 -587.933 -757.04 2255.483 13 0 0
52 192 16 1 -2389.165 -1365.393 2599.434 13 0 0
52 4864 61970 0 -2054.306 -1875.597 4777.028 5 76 10
52 448 0 65535 -2051.794 -1629.597 4586.901 15 26 3
52 1 71 1 -3045.05 -1728.393 2800.948 13 0 0
52 144 19456 0 -2151.399 -1908.357 5129.617 35 50 150
52 70 4112 0 -710.798 -705.04 2292.199 30 7 2
52 128 8210 0 -2066.297 -1875.597 4747.437 5 76 23
52 1 34853 0 -2382.2 -3256.132 6775.632 25 40 110
52 192 47376 61952 -1928.652 -1755.597 4841.451 125 56 33
52 144 16400 0 -2183.672 -1878.357 5274.489 5 200 150
52 5 4133 0 -832.4967 -762.04 2342.578 3 7 3
52 244 30736 0 -2322.096 -2860.132 6604.192 275 400 10
52 96 48 1 -2949.6 -1632.393 2891.793 13 0 0
52 1 8246 7680 -2339.416 -2271.357 5576.374 55 20 20
54 3 50839 57618 -2833.47 -2066.967 4284.054 330 50 330
54 4 3072 155 -971.3055 -4860.585 10005.71 240 100 400
54 2 37888 0 -3447.344 -928.5601 2997.037 87 50 78
54 3 0 0 -2369.449 -3498.55 6819.84 250 50 250
54 3 0 0 -35.78023 815.034 -464.2575 120 20 130
54 2 18126 0 -2564.446 -3613.999 9148.194 220 30 220
54 2 24576 0 -1685.561 -1940.239 4945.746 350 50 450
