60 0 25369 0 4063.51 -1665 1682.75 0 0 0
1A 0 32768 0 2290.6 -1321 769.9 0 0 0
21 0 16384 0 4408.92 -1380 -342.26 0 0 0
6B 0 43008 0 2112.58 -1320 882.28 1 -30 -214
43 2090 64868 58756 3033.01 -1116.02 46.99 10 0 0
43 65290 32612 63008 3074.97 -1154.99 411.33 10 0 0
43 1348 59392 289 4763.34 -1285.65 -454.11 0 0 -1.1
68 2048 2048 62464 5132.62 -1696.9 1018.07 4 13 1
4 112 1792 0 4886.78 -1745 1251.95 0 0 0
4 0 1792 0 4133.47 -1415 -165.73 0 0 0
74 0 31216 0 2718.36 -1997 3664.15 2 0 0
5C 0 8333 0 4101.71 -1419.18 3973.65 -63 0 0
5F 0 10432 0 4239.51 -1889.26 4190.74 0 0 -191
42 16384 57344 0 3392 -1089 -285 0 0 0
42 16384 57344 0 3392 -1005 -285 0 0 0
6B 0 32768 0 3073.5 -1149.99 664.82 3 -28 -90
13 0 96 0 3040.26 -1160.1 676.79 0 0 0
5F 0 10432 0 4328.01 -1889.26 4170.71 0 0 -158
68 0 26624 0 4300.91 -1881.28 4212.25 3 20 0
5C 0 7943 0 4635.7 -1356 -31.89 0 0 0
68 0 8960 0 3572.8 -1423.45 -208.62 4 10 1
68 2032 31232 2304 4781.64 -1470.49 407.81 2.8 26 0
3 4832 28756 57216 3079.96 -1110.86 -96.65 13 20 -158
68 0 32768 0 1890.57 -1321.23 2184.68 4.2 20 0
14 1024 1313 0 3278.87 -1340.05 -392.24 174 235 0
65 0 1446 0 3459.23 -1425 -96.33 74 35 0
65 0 70 0 3782.47 -1425 -124.89 74 35 0
65 0 64070 0 4109.18 -1425 -98.38 74 35 0
65 0 64422 0 3946.31 -1425 -113.61 74 35 0
1 0 3 0 2453.48 -1305 770.33 0 0 0
3 0 16206 1049 5620.2 -1766.79 1241.36 0 0 0
52 32 32672 4752 5182.99 -1201.2 -154.01 42.1 48 -172
3 743 208 65269 1891.31 -1105.48 3116.27 10 20 0
5C 0 26316 0 1974.44 -1314 1902.25 0 0 0
21 0 32768 0 2456.91 -2021 3705.28 0 0 0
21 0 0 0 4457.6 -1500 3140.09 0 -18 0
21 0 16384 0 3209.68 -1499.93 2707.61 0 -18 0
21 0 0 0 3999.6 -1500 2710 0 -18 0
21 0 0 0 5192.08 -1500 3139.96 0 -18 0
6D 0 0 0 3400 -1500 2725 1 50 90
73 0 10496 0 4363 -1880 4047 1 67 13
6D 0 0 0 3970 -1500 3077 1 50 90
34 0 0 0 3439.62 -1786.7 3150.7 0 0 0
68 0 24576 0 2820.85 -2015.28 3664.97 4 20 1
43 29 50432 64486 3824.35 -1915.35 3989.96 0 0 0
68 0 24576 0 2920.85 -2015.28 3764.97 4 20 1
68 0 25856 0 4612.2 -1881.28 3727.3 3 20 0
59 0 16384 0 2489.35 -1302.1 1802.04 0 0 0
68 0 24576 0 2720.85 -2015.28 3764.97 4 20 1
21 0 49152 0 3390.06 -2021 3706.62 0 0 0
21 0 10250 0 4351.98 -1890 4390.68 0 0 0
68 0 24576 0 3126.94 -2015.28 3955.16 4 20 1
33 0 0 0 4479.62 -1786.7 3150.7 0 0 0
5F 0 35471 0 3082.82 -2015 3773.65 0 0 -158
5B 0 0 0 8.49 -4724.79 -19.71 1 1 1
56 2895 7936 0 109.67 -10198 -52.52 0 0 0
56 1203 12800 2624 70.7 -3668.79 -121.33 0 0 0
59 0 0 0 2345.08 -1302.1 1946.4 0 0 0
59 0 32768 0 2345.08 -1302.1 1657.72 0 0 0
68 0 0 0 3411.23 -1297 1409.47 4 9 1
6D 0 32768 0 3992.8 -1675 1684.4 1 32 90
5F 0 35471 0 2864.16 -2015 3676.78 0 0 -158
5F 0 10432 0 4346.98 -1889.26 4259.18 0 0 -191
3 0 33101 0 3856.45 -1486 1255.94 0 0 0
3 8548 1085 12782 1990.13 -1438.04 372.95 12 0 0
25 0 0 0 4185.68 -735.36 -285.87 0 0 0
68 0 16384 2304 2879.15 -1185.98 763.36 3 22 0
1A 0 32768 0 2210.6 -1321 769.9 0 0 0
68 8753 40737 18698 2106.62 -1378.08 603.56 2 29 0
3 690 32000 117 4761.04 -1309.46 -304.83 7 8 -1.1
3 690 32000 117 4740.56 -1309.46 -305.7 7 9 -1.1
68 0 16384 0 -201.76 -6 4.04 2 17 0
20 0 29127 0 4858 -1952.8 4009 0 0 0
3 60141 8756 4495 2068.68 -1427.39 580.57 11 15 0
43 2261 49833 2681 4300.15 -1147.72 806.43 0 0 0
25 0 0 0 3835.82 -1022.36 -323.7 0 0 0
25 0 0 0 3888.18 -1022.36 -321.9 0 0 0
21 0 16384 0 2245.74 -1311 1627.14 0 -18 0
33 49152 0 0 1760.31 -1016.87 714.11 0 0 0
31 0 16384 0 1401.52 -1205.91 1972.33 0 0 0
6D 0 0 0 1807.42 -1326 1710.65 1 60 90
43 1090 14838 60421 1587.92 -1173.89 340.82 0 0 0
33 49152 32768 0 1453.32 -1010.17 493.02 0 0 0
49 0 16487 65531 -264.02 -11 -20.78 0 0 0
31 0 32768 0 3682.06 -1540.7 1210.63 0 0 0
5C 0 15716 0 2238.86 -1353.74 702.69 0 0 0
68 0 8704 0 3636.02 -1423.45 -214.75 4 10 1
69 0 16384 0 3750 -1326 1307 2 50 180
68 0 16640 2048 3345.38 -1973.78 4019.63 4 30 0
5F 0 26511 0 2600.07 -2015 3745.23 0 0 -158
43 2130 11520 2751 5042.77 -1246.94 -468.13 4 0 -1.1
5F 0 64742 0 1902.47 -1317 1916.31 0 0 -158
21 0 16384 0 2385.26 -1305 647.73 0 0 0
68 0 19200 60672 4085.48 -1978.28 3981.9 3 30 0
68 0 11008 0 4341.58 -1943.28 3950.65 3 30 0
21 0 49152 0 3663.96 -1370 303.01 0 0 0
5F 0 25672 0 3855.7 -1360.03 190.91 0 0 -130
68 0 33536 8192 5182.3 -1208.49 -240 3.6 26 0
65 0 27136 0 4471.91 -1881.07 4119.76 56 10 0
68 0 23040 2304 5097.45 -1232.49 97.68 2.8 26 0
68 0 16384 0 3891.75 -1670 1740.35 3.1 20 0
68 6656 22272 2304 4927.92 -1292.49 182.83 2.8 26 0
3 64293 59647 11633 4715.01 -978.28 486.55 0 20 0
43 0 32768 0 3879.7 -1476 1423.16 0 0 0
42 0 0 0 2166.17 -1311 1697.13 10 0 0
68 0 32768 0 2162.41 -1303.23 1812.41 1 20 0
34 0 26853 0 4386.7 -2115.58 4071.44 -0.3 0 0
34 49152 0 0 1452.5 -1016.97 692.61 0 0 0
3 0 29184 207 4950.32 -2189.54 3796.46 0 0 0
73 0 49152 0 3073.5 -1149.99 737 1 67 45
43 0 32768 0 3879.7 -1476 1592.46 0 0 0
D 0 0 0 3798.5 -1370 159.9 6 50 1
20 0 29673 0 4655 -2223 7112.2 0 0 0
3 65481 11264 65414 4193.15 -1950.23 3850.94 0 0 0
3 65481 11264 65414 4183.49 -1950.23 3868.57 0 0 0
26 0 13835 0 3877.95 -1297.17 3758.71 0 0 0
30 0 16384 0 3200 -2021 3584.31 1 60 90
3 64492 16875 63971 3395.36 -1420.15 3773.03 0 0 0
3 65357 15339 63790 3360.93 -1416.38 3760.64 0 0 0
3 648 15339 63790 3328.44 -1409.26 3748.18 0 0 0
3 63885 18261 4745 3681.42 -1379.44 3766.46 0 0 0
3 270 18261 4298 3675.53 -1384.63 3728.7 0 0 0
3 65195 18261 4528 3679.18 -1382.4 3747.58 0 0 0
65 0 24313 0 2489.53 -1303.54 1664.95 53 10 0
3 65524 16163 1049 5619.94 -1766.88 1261.61 0 0 0
5C 0 27392 0 3923.75 -1311.76 3828.35 -63 0 0
43 531 100 64083 3008.38 -1144.26 511.35 10 0 0
3 0 32612 0 3050.7 -1160 656.67 0 0 0
3 0 13636 30037 1089.54 -933.64 167.26 0 0 0
3 0 13636 30037 1085.54 -933.57 150.27 0 0 0
43 65442 14153 856 5502.5 -1769.64 1271.8 0 0 0
43 61839 50665 61721 4368.17 -1392.05 259.25 0 0 0
43 65159 40265 61238 4710.57 -1502.31 488.6 0 0 0
43 0 65253 0 757.56 -555 183.46 0 0 0
6A 0 32768 0 4647.5 -1675 1667.5 2 20 -90
68 65280 8296 0 2264.38 -1361.42 717.8 4 10 1
6B 0 16384 0 2251.68 -1365 904.82 3 -40 -180
6F 0 32768 0 3992.8 -1675 1683.4 -19 30 90
69 0 49152 0 3095 -2021 3977 1 60 0
43 0 17192 0 4352.41 -1443.7 1701.27 0 0 0
65 0 19193 0 2536.87 -1303.54 1750.02 53 10 0
73 0 63024 0 3865.83 -1293 3738.61 1 33.1 123
43 0 46888 0 4306.51 -1665 1634.81 0 0 0
43 0 46888 0 4625.75 -1665 1634.72 0 0 0
43 0 16680 0 4441.9 -1665 1701.42 0 0 0
43 65506 16680 75 4607.22 -1420.13 1701.51 0 0 0
43 89 2560 4649 5139.43 -1223.66 -331.9 4 0 -1.1
43 64457 55592 63469 4938.8 -1634.52 1541.8 0 0 0
43 65363 15400 33 4611.37 -1577.96 1701.69 0 0 0
74 65535 22295 2 4380.14 -1838.98 4081.59 7 0 0
65 0 39846 0 5097.66 -1627.96 1393.74 74 17 0
3 539 32612 63366 3021.96 -1153.12 434.3 0 0 0
43 64546 57896 64498 5046.85 -1587.99 1443.51 0 0 0
68 0 16640 64768 4643.82 -1424 1656.76 3.1 20 0
43 360 20233 697 5391.43 -1606.64 1304.24 0 0 0
68 8753 40993 18698 2092.92 -1377.08 613.23 2 29 0
43 601 24841 459 5114.27 -1650.13 1471.73 0 0 0
68 0 0 0 4666.43 -1374.49 -89.67 3 20 0
65 0 0 0 2311.81 -1326.85 909.21 156 35 0
13 0 16425 0 2212.74 -1303.12 1801.84 0 0 0
69 0 16384 0 3600 -1326 1512.5 2 50 180
14 0 16384 0 3776.58 -1441 1673.47 77.85 53 0
59 0 32768 0 3310.02 -1302.1 1264.57 0 0 0
69 0 16384 0 3600 -1326 1307 2 50 180
5F 0 29071 0 2801.76 -2015 3860.93 0 0 -158
43 1009 39008 4229 5157.1 -1208.43 -453.96 0 0 -1.1
17 0 32768 0 4485 -1454 1691.1 0 0 0
59 0 49152 0 3165.08 -1301.69 1409.97 0 0 0
21 0 0 0 3108.29 -1311 1409.59 0 0 0
21 0 49152 0 3210.97 -1311 1585.07 0 0 0
65 0 65529 0 2181.25 -1307.54 1982.56 53 10 0
69 0 16384 0 3750 -1326 1512.5 2 50 180
21 0 0 0 3407.78 -1311 1584.97 0 0 0
42 0 0 0 3488.68 -1311 1514.87 0 0 0
43 1956 21760 827 4875.26 -1277.64 -462.8 4 0 -1.1
42 0 0 0 3131.23 -1311 1305.2 0 0 0
43 57 32612 60131 3078.3 -1159.13 174.62 10 0 0
2 0 49152 7322 3846.45 -1332.4 1476.38 0 5 0
3 65360 32612 63007 3059.42 -1161.06 433.81 0 0 0
68 0 16384 0 -308.02 -6 4.9 2 17 0
43 0 16384 61141 1142.31 -742.82 340.12 0 0 0
21 0 43034 0 4269.04 -1890 3999.47 0 0 0
3 0 61696 0 4899.64 -2039.94 3867.03 0 0 0
21 0 53248 0 4187.19 -1431 -95.19 0 0 0
74 0 31216 0 2820.73 -1997 3764.18 2 0 0
5F 0 35471 0 3156.9 -2021 3678.87 0 0 -158
2 0 49152 7322 3834.98 -1332.4 1508.34 0 5 0
65 256 32823 0 4289.55 -1406.81 -283.57 104 35 0
65 0 32761 0 2210.28 -1307.54 1623.67 53 10 0
68 0 15104 0 4087.23 -816.49 -294.77 3.1 30 0
60 0 7943 0 3999.61 -1418 -251.88 0 0 0
43 0 14838 970 1248.17 -1132.1 330.37 0 0 0
6D 0 0 0 4670.48 -1380 -229.03 3 35 90
3 0 16384 0 3713.59 -1919.99 4008.5 0 0 0
52 15 49152 65125 3701.1 -1919.1 4027.86 0 0 0
43 0 49152 61141 982.31 -631.42 273.12 0 0 0
52 0 48976 1099 1345.17 -1122.03 303.7 0 0 0
3 0 45 0 3859.73 -1336 1232.27 0 0 0
34 0 32768 0 3437.06 -1540.7 1210.63 0 0 0
4 0 1792 0 3881.31 -1415 -193.05 0 0 0
3 0 45 0 3832.44 -1336 1232.41 0 0 0
1A 0 32768 0 2170.6 -1321 849.9 0 0 0
73 9 16384 0 1890.3 -1326 2309.43 2 -52 45
43 0 32485 0 824.57 -555 413.58 0 0 0
4A 0 4140 0 812.18 -565 9.32 0 0 0
21 0 56164 0 2532.52 -342.87 2842.2 0 0 0
68 256 28672 0 4864.22 -1845.28 3988.21 3 30 0
44 2 16384 0 3699.11 -1431 -131.43 0 0 0
0 0 6445 0 4847.54 -2182.75 4013.66 0 0 0
0 0 6445 0 4861.38 -2183.75 3992.31 0 0 0
3 4092 63073 4722 4699.9 -893.16 184.83 0 20 0
3 2887 59951 2255 4695.29 -988.07 462.49 0 20 0
26 0 2702 0 4268.82 -1531 4142.23 0 0 0
52 0 61456 0 4879.32 -1840.17 3951.34 0 0 0
3 4288 29876 56576 3091.36 -1126.76 -91.43 13 20 -158
42 0 0 0 3488.74 -1311 1305.2 0 0 0
31 0 32768 0 3959.62 -1686.7 2697.48 0 0 0
21 0 0 0 3661.67 -1370 18.91 0 0 0
D 0 27392 0 4271.06 -1525.98 4152.68 6 0 0
68 0 16902 0 2500.18 -1250.98 767.61 2 22 0
43 601 0 65535 1856.49 -1094.11 3104.29 0 0 0
21 62976 60416 0 3762.9 -1510.05 3641.7 0 0 0
6C 0 16384 0 3750 -1326 1410 2 50 90
1 0 31696 0 2290.1 -1365 717.61 0 0 0
64 0 2250 0 4193.19 -739.37 -280.92 0 29 0
E 0 45798 0 1889.95 -1326.58 2274.6 1891.2 -1061.15 3081.63
43 0 16487 61264 400 -115.07 40.48 0 0 0
21 0 0 0 1299.25 -862.39 -74.75 0 0 0
21 0 49152 0 1298.15 -862.39 113.05 0 0 0
65 0 16384 0 2518.2 -1308.85 758.21 156 35 0
25 0 0 0 3786.02 -953.36 -326.38 0 0 0
68 0 16384 0 -537.38 -6 5.68 2 17 0
21 0 60186 0 4506.77 -1890 4153.24 0 0 0
1A 0 32768 0 2210.6 -1321 689.9 0 0 0
34 49152 0 0 1452.5 -1016.97 120.68 0 0 0
49 63743 32858 62585 4806.2 -1466.39 1667.18 0 -18 0
43 24 9523 211 5295.31 -1780.15 1168.88 0 0 0
65 0 49145 0 2454.87 -2015.54 3773.63 84.5 9 0
43 0 0 0 3812.4 -1476 1747.83 0 0 0
49 65143 32858 64340 4670.18 -1434.3 1684.69 0 -18 0
65 0 43264 0 4181.17 -1879.07 4122.95 146 10 0
65 0 0 0 3042.29 -1151.88 747.45 26 15 0
6D 0 16384 0 2385.75 -1305 664.94 2 60 180
68 0 16384 0 4101.75 -1448 1667.48 6.1 20 0
65 0 26105 0 3299.59 -2007.54 3628.74 120 9 0
73 0 49152 0 824.5 -555 472 1 67 45
65 0 16377 0 3397.41 -2013.54 3762.05 84.5 9 0
6D 0 0 0 1807.42 -1326 1830.65 1 60 90
68 0 0 0 3798.9 -1362.03 156.93 8 50 1
68 0 24576 0 3020.85 -2015.28 3664.97 4 20 1
5D 65535 22295 2 4378.04 -1858.98 4084.22 -73 0 0
4 112 1792 0 5030.43 -1745 1262.11 0 0 0
68 0 16640 65024 3757.01 -1915.28 4026.35 4 20 0
5C 0 27392 0 3956.97 -1335.76 3879.56 -63 0 0
3 2493 9448 64716 4958.45 -1658.4 884.14 0 9 0
3 816 10200 63506 4942.56 -1657.88 902.59 0 9 0
6D 0 0 0 1972.52 -1326 1950.65 1 60 90
6B 0 16384 0 803 -565 472.74 1 -25 180
73 0 49152 0 824.5 -555 262 1 67 45
73 0 49152 0 824.5 -555 358 1 67 45
73 0 49152 0 824.5 -555 148 1 67 45
0 0 6445 0 4832.21 -2182.75 4030.22 0 0 0
3 0 13975 63835 1021.93 -1125.53 54.92 0 0 0
43 3645 14838 57899 1749.29 -1291.39 342.03 0 0 0
68 2032 23040 2304 4621.13 -1526.49 648.39 2.8 26 0
5F 0 34449 0 4557.01 -1372 -178.73 26.72 0.76 -171
D 0 36138 0 4790.28 -1380 -317.21 3 0 0
43 0 46070 64672 1426.09 -1118.84 272.67 0 0 0
43 0 16487 61264 400.88 -115.45 40.5 0 0 0
43 0 16487 53805 800 -873.91 65.78 0 0 0
43 0 16487 53124 700.69 -641.67 55.23 0 0 0
3 0 16384 0 3713.79 -1919.99 4027.63 0 0 0
21 0 0 0 4457.6 -1500 2709.1 0 -18 0
43 0 16487 53216 601.49 -392.56 47.45 0 0 0
43 0 16487 64212 0 -12.16 38.58 0 0 0
3 65481 11264 65414 4173.84 -1950.23 3886.2 0 0 0
65 0 62969 0 2289.06 -1305.54 1993.88 53 10 0
4A 0 32612 0 3066.97 -1160 661.8 10 0 0
3 4657 63601 9137 4705.6 -872.06 158.23 0 20 0
17 0 49152 0 11171 -2006 4553 0 0 0
17 0 49152 0 11171 -2226 4758 0 0 0
6D 0 0 0 1807.42 -1326 2070.65 1 60 90
49 65506 32858 68 4610.35 -1429.94 1686.06 0 -18 0
43 0 49448 0 4361.77 -1578 1634.23 0 0 0
19 0 12129 0 8779 -1853 4601 0 0 0
53 0 0 0 3155 -2021 3572 1 60 0
43 0 16487 65432 -200 -1.25 38.58 0 0 0
56 64691 55040 64576 61.34 -3492.79 118.44 0 0 0
3 0 14140 64375 1114.64 -1137.76 274.31 0 0 0
3 0 14140 64375 1110.43 -1137.29 293.53 0 0 0
65 0 59648 0 4227.21 -1875.07 4318.2 146 10 0
3 0 14140 64375 1118.73 -1138.22 255.47 0 0 0
3 0 14551 63835 1013.85 -1123.85 92.28 0 0 0
43 0 16487 56760 900.92 -1040.44 81.8 0 0 0
3 65533 59495 15 4586.55 -1889.94 3796.38 10 14 0
8 0 32311 0 174 -19192 0.51 16 11 0
3 0 14311 63835 1018.13 -1125.05 73.24 0 0 0
56 1203 3840 2624 73.61 -4746.79 -8.21 0 0 0
49 0 16487 65334 -119.94 -12.67 -20.75 0 0 0
49 0 16487 65531 -264.73 -11 31.05 0 0 0
49 0 16487 65498 -218.45 -11.1 -20.56 0 0 0
1A 0 32768 0 2250.6 -1321 689.9 0 0 0
65 256 55 0 4294.77 -1406.81 -86.73 94 35 0
5C 0 27392 0 4148.65 -1446.76 4012.7 -63 0 0
73 0 49152 0 824.5 -555 79 1 67 45
21 0 24944 0 2456.01 -342.87 2921.41 0 0 0
14 0 16384 0 3771.58 -1441 1673.56 77.85 24 0
1A 0 32768 0 2290.6 -1321 689.9 0 0 0
68 65280 8296 0 2264.38 -1361.42 821.8 4 10 1
31 49152 32768 0 1759.3 -1130.07 471.48 0 0 0
43 0 48733 54901 850.23 -968.68 6.49 10 0 0
1A 0 32768 0 2170 -1321 649.9 0 0 0
1A 0 32768 0 2170.6 -1321 769.9 0 0 0
43 2531 46070 60435 1704.62 -1214.13 277.59 0 0 0
65 0 2809 0 2391.59 -1305.54 1997 53 10 0
5C 0 15716 0 2242.16 -1353.74 835.26 0 0 0
1A 0 32768 0 2210.6 -1321 889.9 0 0 0
73 0 49152 0 3879.5 -1476 1766.5 1 67 45
43 57565 8214 7584 2088.51 -1329.99 650.66 0 0 0
1A 0 32768 0 2210.6 -1321 809.9 0 0 0
5F 0 29839 0 3078.14 -2021 3862.94 0 0 -158
1A 0 32768 0 2290.6 -1321 729.9 0 0 0
34 0 26992 0 4106.77 -1650.98 4579.59 0 0 0
73 0 0 0 2517.5 -1260 737 1 62 45
1A 0 32768 0 2250.6 -1321 649.9 0 0 0
1A 0 32768 0 2210.6 -1321 649.9 0 0 0
73 0 0 2 3672.5 -1910 3994.2 1 67 45
1A 0 32768 0 2210.6 -1321 729.9 0 0 0
68 0 14184 65184 1175.15 -1136 285.27 3 29 0
1A 0 32768 0 2250.6 -1321 729.9 0 0 0
1A 0 32768 0 2210.6 -1321 849.9 0 0 0
21 0 16384 53413 1917.38 -100.69 -92.38 0 0 0
1A 0 32768 0 2250.6 -1321 769.9 0 0 0
1A 0 32768 0 2170.6 -1321 689.9 0 0 0
68 0 16384 2304 2736.34 -1215.98 784.74 3 22 0
49 0 16487 65498 -219.69 -11.1 30.65 0 0 0
21 0 16384 0 3210.08 -1499.93 3142.01 0 -18 0
3 0 13636 30037 1095.36 -935.2 185.42 0 0 0
21 8192 38512 0 2645.02 -342.87 2815.23 6 0 0
65 0 52582 0 1752.21 -1316.18 2061.39 93 10 0
5C 0 27392 0 4051.44 -1385.76 3944.83 -63 0 0
6D 0 32768 0 3200 -2021 3824.31 1 60 90
5C 0 27392 0 3998.51 -1351.76 3923.08 -63 0 0
65 0 52582 0 1810.84 -1316.18 2219.99 93 10 0
21 0 60160 0 3847.67 -1512.25 3888.74 0.2 0 0
6A 0 49152 0 1918.31 -1326 2308.32 1 60 0
6A 0 43290 0 4234.8 -1890 4320.42 6 40 -31
1A 0 32768 0 2290.6 -1321 889.9 0 0 0
1A 0 32768 0 2250.6 -1321 849.9 0 0 0
1A 0 32768 0 2170.6 -1321 809.9 0 0 0
1A 0 32768 0 2170.6 -1321 729.9 0 0 0
21 0 49152 0 2445.06 -1311 1977.04 0 -18 0
1A 0 32768 0 2290.6 -1321 649.9 0 0 0
4A 0 4140 0 812.18 -565 217.32 0 0 0
1A 0 32768 0 2290.6 -1321 849.9 0 0 0
6D 0 0 0 1807.42 -1326 1950.65 1 60 90
3 3492 5671 218 1972.92 -1462.96 398.05 12 0 0
4A 0 4140 0 812.18 -565 192.32 0 0 0
43 0 49152 57279 1484.31 -1078.73 273.12 0 0 0
65 0 1094 0 3621.4 -1425 -119.23 74 35 0
52 0 49152 64024 856.56 -595.32 306.96 0 0 0
43 0 49152 61141 1229.31 -826.02 273.12 0 0 0
6C 0 16384 0 3600 -1326 1410 2 50 90
3 0 29184 192 4929.08 -2189.54 3789.98 0 0 0
6D 0 0 0 1972.52 -1326 2070.65 1 60 90
1A 0 32768 0 2170.6 -1321 889.9 0 0 0
73 0 49152 0 824.5 -555 -35 1 67 45
68 0 16384 4096 4335.42 -1406.49 -172.85 3 20 0
3 0 16487 65531 -257.66 -11.01 14.04 0 0 0
3 0 16487 65531 -257.66 -11.01 -4.16 0 0 0
5C 0 7943 0 4589.17 -1356 -280.92 0 0 0
68 0 12544 256 4608.23 -2184.28 4034.09 3 30 0
49 0 0 0 3843.98 -1675 1698.27 0 0 0
25 0 0 0 3936.14 -887.36 -317.5 0 0 0
3 0 61696 0 4920.53 -2039.94 3874.74 0 0 0
43 711 100 61574 3014.19 -1132.28 282.76 10 0 0
68 24224 60727 51719 4587.86 -1496.9 416.86 3 19 0
21 0 0 53413 1915.88 -100.69 126.62 0 0 0
68 0 32768 0 1850.39 -1321.23 1804.62 4.2 20 0
65 0 10496 0 4437.3 -1875.07 4271.56 146 10 0
3 1188 10109 63796 5170.53 -1710.06 1027.2 0 20 0
68 33940 52215 61319 2908.43 -1263.28 3570.4 3 20 0
68 36244 51447 36999 3621.69 -1397.28 3761.59 3 20 0
42 0 0 0 3131.23 -1311 1514.79 0 0 0
21 0 49152 0 5189.9 -1500 2707.91 0 -18 0
65 0 16384 0 4841.75 -1337.42 -242.31 94 35 0
31 0 16384 0 1401.12 -1205.91 2251.83 0 0 0
43 0 59904 0 4460.71 -1880 3894.49 0 0 0
20 0 0 0 3846 -1398.6 1184.5 0 0 0
6D 0 16384 0 2385.75 -1305 875.14 2 60 180
6A 0 32768 270 701 -599.9 306.5 2 19 90
73 0 32768 0 3873.5 -1444 1701.5 1 67 45
43 87 48905 124 5512.16 -1600.62 1221.61 0 0 0
21 0 60160 0 4014.31 -1512.14 3577.71 0.2 0 0
43 65297 32612 0 3073.34 -1150.07 617 10 0 0
43 2252 49152 1828 4951.56 -1248.76 -550.78 0 0 -1.1
43 61407 38374 3419 2105.74 -1400.57 539.75 0 0 0
43 3566 30052 57011 3122.95 -1151.32 -95.51 10 0 0
43 0 49245 65051 -100 -3.99 -28.42 10 0 0
43 0 49245 63018 201.91 -50.42 -28.37 10 0 0
43 0 48733 56399 500.75 -193.93 -23.37 10 0 0
32 49152 0 0 1760.31 -1130.07 141.65 0 0 0
43 0 48733 53316 750.31 -762.56 -7.21 10 0 0
49 0 16487 65334 -169.74 -11.67 -20.75 0 0 0
69 0 49152 0 2735 -2021 3977 1 60 0
49 0 16487 65334 -170.14 -11.66 30.82 0 0 0
49 0 16487 65334 -120.34 -11.66 30.82 0 0 0
69 0 49152 0 2855 -2021 3977 1 60 0
43 0 46070 64189 1095.2 -1125.45 237.27 0 0 0
1A 0 32768 0 2290.6 -1321 809.9 0 0 0
1A 0 32768 0 2250.6 -1321 809.9 0 0 0
6A 0 32768 0 2114.12 -1365 749.99 5 -40 -270
43 0 48733 53073 650.11 -513.95 -14.79 10 0 0
69 0 49152 0 3095 -2021 3572 1 60 0
32 0 49152 0 3199.5 -1686.7 2930.09 0 0 0
65 0 49152 0 3399.03 -1430.08 -189.78 96 15 0
68 0 17920 0 3505.02 -1050.49 -296.04 3.1 30 0
68 0 60928 0 4032.46 -1893.28 3775.65 1 20 0
5C 0 27392 0 4179.59 -1470.76 4060.56 -63 0 0
4A 65332 32612 64801 3066.97 -1160.8 571.22 10 0 0
43 0 16384 0 3813.51 -1665 1791.67 0 0 0
31 0 16384 0 1401.22 -1205.91 2537.12 0 0 0
21 0 44800 0 4082.63 -1511.85 3811.47 0 0 0
65 0 13014 0 1969.02 -1314.18 2229.81 93 10 0
D 0 5261 0 791.85 -565 411.87 8 0 0
3 54247 9936 60917 2277.6 -1271.18 3642.97 17 20 0
19 0 16384 0 3149 -2043 4030 0 0 0
21 0 0 0 3947.97 -1370 301.01 0 0 0
6A 0 32768 0 2502.82 -1305 749.99 5 -40 -270
49 0 0 0 3873.71 -1675 1698.27 0 0 0
3 0 16384 0 3713.59 -1919.99 4047.13 0 0 0
68 0 14848 57248 909.63 -1052 49.35 2 35 0
68 0 13568 65440 1042.61 -1124 80.51 1 35 0
68 0 13544 60576 1028.6 -1116 253.88 2 17 0
68 0 9216 0 3502.84 -1423.45 -200.79 4 10 1
68 0 0 0 3857.57 -1480 1346.24 3.1 20 0
65 0 8185 0 2485.84 -1305.54 1944.85 53 10 0
32 0 32768 0 4999.62 -1686.7 2698.48 0 0 0
68 0 15720 63392 1453.95 -1130 310.85 3 29 0
68 0 16232 57328 1285.44 -882 308.83 3 29 0
68 0 16384 4096 4335.58 -1406.49 -200.85 3 20 0
5C 0 42752 0 2386.27 -1287.96 807.07 -52 0 0
3 60136 8244 4496 2087.37 -1427.05 567.39 11 11 0
68 65280 8296 0 2422.12 -1299.42 770.32 4 10 1
21 0 26650 0 4113.36 -1890 4236.77 0 0 0
3 690 32000 117 4781.62 -1309.46 -303.82 7 8 -1.1
3 672 208 65414 1872.21 -1105.08 3116.67 10 20 0
1 0 31696 0 2292.3 -1365 821.71 0 0 0
3 816 208 65269 1910.52 -1105.93 3115.82 10 20 0
D 0 0 0 4626.2 -1675 1667.93 6 0 0
65 0 16384 0 5699.08 -1589.42 1246.32 34 25 0
3 1188 10381 63796 5154.5 -1710.06 1049.49 0 20 0
64 0 0 0 4760.95 -1365.82 -127.42 19.06 13.4 40
68 4592 42336 3840 5328.42 -1780.49 1149.11 3.1 26 0
43 64685 23592 63444 4867.16 -1606.91 1661.15 0 0 0
68 0 16384 62464 228.79 -62 1.69 3 27 0
21 0 32768 0 2546.56 -1311 1801.04 0 -18 0
5F 0 30353 0 4558.23 -1372 -67.18 26.72 0.76 -171
5F 0 64742 0 1905.58 -1326 1829.89 0 0 -158
21 0 49152 0 2458.91 -2021 3843.48 0 0 0
68 27296 60727 51719 4785.79 -1592.9 712.16 3 19 0
D 0 37481 0 1848.73 -1326 1866.06 0 0 0
74 0 31216 0 2921.09 -1997 3660.93 2 0 0
65 0 29945 0 2397.33 -1303.54 1609.04 53 10 0
68 65333 32653 27835 3038.85 -1150.75 530.69 3 40 0
6D 0 27136 0 4404.42 -1890 4105.88 1 -50 58
49 0 27435 0 4272.79 -1675 1648.1 0 0 0
49 64581 32858 63496 4736.67 -1445.99 1679.54 0 -18 0
59 0 0 0 3310.02 -1302.1 1554.57 0 0 0
3 4032 30132 56320 3103.43 -1142.76 -85.83 13 20 -158
68 0 17408 64512 4669.32 -1586 1666.3 3.1 20 0
43 0 14120 0 4179.6 -1665 1701.16 0 0 0
68 4592 50944 64000 4708.03 -1770.49 980.98 2.8 26 0
3 65533 59495 15 4553.54 -1889.94 3774.18 10 14 0
3 6921 5671 2588 1982.11 -1453.94 379.78 12 0 0
65 0 13014 0 2024.48 -1314.18 2072.28 93 10 0
68 0 14848 0 3998.38 -924.49 -307.16 3.8 30 0
68 0 0 0 3835.79 -1480 1464.49 3.1 20 0
21 0 40960 0 3399.14 -1431 -94.94 0 0 0
4A 0 4140 0 812.18 -565 33.32 0 0 0
43 0 32485 0 824.57 -555 228.58 0 0 0
43 0 32485 0 824.57 -555 -30.42 0 0 0
32 0 0 0 4999.62 -1786.7 3150.7 0 0 0
43 907 56073 1251 5201.17 -1628.05 1314.1 0 0 0
21 0 32768 0 2386.26 -1305 893.33 0 0 0
21 0 16384 53413 1917.88 -100.69 479.42 0 0 0
5C 0 26316 0 1940.67 -1314 2021.5 0 0 0
21 0 32768 0 3212.47 -1311 1235.07 0 0 0
68 0 16640 0 3716.47 -990.49 -317.3 3 30 0
19 0 16384 0 2550 -1283 768 0 0 0
42 0 0 0 2345.6 -1311 1595.28 0 -18 0
32 49152 0 0 3804.36 -1552 311.81 0 0 0
44 2 16384 0 4098.59 -1428 -108.23 0 0 0
21 0 16384 0 3945.17 -1370 17.71 0 0 0
42 0 0 0 2345.6 -1311 2008.48 0 -18 0
42 0 0 0 2166.38 -1311 1906.93 10 0 0
42 0 0 0 2523.57 -1311 1906.93 10 0 0
25 0 0 0 4185.68 -765.36 -285.47 0 0 0
42 0 0 0 2523.21 -1311 1696.63 10 0 0
65 0 13561 0 2537.17 -1305.54 1852.71 53 10 0
21 0 0 0 2444.05 -1311 1627.44 0 -18 0
21 0 0 0 3999.6 -1500 3138.9 0 -18 0
44 2 16384 0 3899.6 -1431 -130.63 0 0 0
68 62464 23808 4864 4824.26 -1286.49 -467.91 2.2 26 0
65 0 35321 0 2302.65 -1303.54 1605.32 53 10 0
65 0 27136 0 4303.57 -1881.07 4015.26 56 10 0
21 0 49152 0 4755.06 -1760 1250.23 0 -18 0
43 0 24592 0 4686.3 -1880 3691.35 0 0 0
32 0 16384 0 2233.68 -1555.3 1811.84 0 -18 0
25 0 0 0 4088.18 -888.36 -300.02 0 0 0
21 0 32768 0 4954.94 -1760 1049.65 0 -18 0
21 0 32768 0 2246.65 -1311 1976.74 0 -18 0
68 0 13544 55968 990.89 -1082 238.83 2 17 0
68 7072 60983 50951 4060.69 -1312.9 374.33 3 19 0
43 12 8214 495 1988.69 -1463.77 483.37 0 0 0
43 4504 46070 61603 1932.16 -1363.97 324.24 0 0 0
68 0 15720 60064 1618.22 -1192 313.37 3 29 0
21 0 16384 0 5154.26 -1760 1249.78 0 -18 0
21 0 16384 0 1301.34 -862.39 499.86 0 0 0
21 0 16384 0 3410.07 -1311 1235.16 0 0 0
21 0 32768 0 1300.25 -862.39 684.25 0 0 0
3 0 33101 0 3833.25 -1486 1256.2 0 0 0
65 0 32768 0 791.85 -553.44 -38.12 25 3 0
42 0 0 0 3310 -1311 1203.29 0 0 0
6D 0 32768 0 3992.8 -1663 1683.4 -19 30 90
42 0 0 0 3310 -1311 1616.59 0 0 0
25 0 0 0 3987.41 -887.36 -313.08 0 0 0
43 819 32768 123 4795.44 -1297.6 -329.24 0 0 -1.1
65 0 65529 0 2922.04 -2003.54 3996.04 83 10 0
25 0 0 0 4037.55 -887.36 -306.55 0 0 0
66 0 0 0 3410.39 -1304.44 1409.42 0 0 8
65 0 32761 0 3101.59 -2003.54 3552.77 83 10 0
33 0 49152 0 2749.27 -1308.79 2175.84 0 0 0
65 0 32761 0 2924.25 -2003.54 3552.62 83 10 0
65 0 32761 0 2744.61 -2003.54 3553.97 83 10 0
68 65280 35584 0 4918.46 -1883.28 3728.93 3 20 0
6D 0 32768 0 3200 -2021 3944.31 1 60 90
43 0 16384 57333 1350.85 -944.06 340.12 0 0 0
5F 0 64742 0 1902.45 -1326 2021.69 0 0 -158
21 0 0 53413 1917.88 -100.69 703.82 0 0 0
43 61232 57065 665 4047.54 -1287.67 346.77 0 0 0
43 3252 58793 1505 4468.83 -1086.66 722.28 0 0 0
25 0 0 0 3937.61 -1021.36 -317.48 0 0 0
68 4592 46688 1792 5515.69 -1772.49 1238.64 3.1 26 0
43 65531 48969 1086 5653.94 -1754.77 1217.63 0 0 0
68 0 15612 0 3877.61 -1286.18 3759.53 5 8 1
61 0 7943 0 3659.03 -1422 -226.08 0 0 0
3 539 32612 63366 3040.56 -1157.05 434.35 0 0 0
E 0 10662 0 4264.23 -1890 4272.95 4096 -1478 4600
31 0 0 0 3959.62 -1786.7 3150.7 0 0 0
68 4592 41824 3584 5150.58 -1782.49 1031.17 2.8 26 0
5C 0 42752 0 2386.12 -1287.96 720.86 -52 0 0
44 0 16384 0 3498.25 -1431 -110.97 0 0 0
73 0 49152 0 3181 -2021 3997 1 64 45
65 0 32768 0 2313.8 -1326.85 633.88 156 35 0
65 0 6905 0 3299.27 -2003.54 3921.93 114 10 0
65 0 49152 0 2101.95 -1331.95 780.51 106 35 0
43 65443 45385 513 5421.8 -1776.35 1168.31 0 0 0
65 0 59296 0 2128.36 -1352.85 894.25 36 35 0
1A 0 32768 0 2250.6 -1321 889.9 0 0 0
68 0 16384 53152 658.91 -550 19.32 4 27 0
43 63319 57896 62912 4903.84 -1543.77 1566.11 0 0 0
68 6896 31232 2304 4491.96 -1636.49 809.51 2.8 26 0
14 1024 1313 0 3278.87 -1820.05 -392.24 174 235 0
3 65533 59495 15 4569.85 -1889.94 3785.48 11 14 0
6D 0 32768 0 3200 -2021 3704.31 1 60 90
69 0 49152 0 2975 -2021 3572 1 60 0
68 28788 52455 391 2238.28 -1273.28 3626.64 4 20 0
68 0 16640 2048 3462.77 -1951.78 4037.04 4 30 0
68 24480 60727 52999 4914.79 -1642.9 868.45 3 19 0
6B 0 16384 0 2251.68 -1365 635.1 3 -40 -180
33 0 32768 0 4479.62 -1686.7 2698.49 0 0 0
43 0 49960 0 4001.91 -1665 1635.42 0 0 0
17 0 16384 0 3816.72 -1559 1889.59 0 0 0
68 0 56064 64000 5178.66 -1630.9 1358.76 3.8 25 0
68 0 16384 0 4751.7 -1374.49 10.71 1 20 0
43 0 15864 0 4001.04 -1665 1771.58 0 0 0
6D 0 32768 0 3815 -1675 1713 4 30 90
65 0 39673 0 2556.65 -2007.54 3625.57 114 10 0
D 0 16520 0 3917.88 -1675 1665.49 4 0 0
68 4592 47360 65280 4934.96 -1778.49 916.1 2.8 26 0
49 0 0 0 3903.44 -1675 1698.27 0 0 0
6B 0 32768 0 3812.5 -1476 1675.5 4 28 -90
49 0 0 0 3933.47 -1675 1698.27 0 0 0
49 0 0 0 3963.6 -1675 1698.27 0 0 0
43 0 16680 0 3894.18 -1444 1700.97 0 0 0
49 0 27435 0 4109.57 -1675 1645.8 0 0 0
68 0 0 0 4968.61 -1750.9 1225.25 3.8 13 0
68 0 0 0 4956.62 -1750.9 1224.7 3.8 13 0
43 0 49448 0 4181.61 -1444 1652.25 0 0 0
69 0 49152 0 2975 -2021 3977 1 60 0
3 0 32612 0 3030.6 -1160 656.67 0 0 0
49 0 27435 0 4076.57 -1675 1645.3 0 0 0
14 1024 49185 0 3393.8 -2292.05 -273.34 174 235 0
49 0 27435 0 4142.56 -1675 1646.31 0 0 0
4A 0 32612 0 3012.96 -1160 658.89 10 0 0
6B 0 32768 0 3992.8 -1667 1683.4 -19 30 90
49 0 27435 0 4206.8 -1675 1647.08 0 0 0
68 0 0 0 3911.06 -1893.28 3722.75 6 40 1
49 0 27435 0 4236.79 -1675 1647.54 0 0 0
4A 511 32612 65160 3013.39 -1157.61 569.89 10 0 0
43 60886 51785 63613 4200.56 -1339.43 263.52 0 0 0
73 261 49152 0 1923.5 -1094.34 3075.5 1 67 45
68 30868 39655 60295 2775.4 -1137.28 3614.52 3 20 0
3 2237 6765 64305 1966.66 -1468.43 419.33 12 0 0
65 0 58873 0 2551.24 -2007.54 3922.24 120 9 0
68 0 16384 0 4138.42 -1670 1664.22 3.1 20 0
65 0 65529 0 3101.21 -2003.54 3994.8 83 10 0
43 0 49152 0 3813.51 -1665 1634.67 0 0 0
65 0 65529 0 2738.48 -2003.54 3996.15 83 10 0
69 0 49152 0 2735 -2021 3572 1 60 0
69 0 49152 0 2855 -2021 3572 1 60 0
6D 0 27136 0 4353.08 -1890 4191.26 1 -50 58
6D 0 27136 0 4295.03 -1890 4157.43 1 -50 58
6D 0 27136 0 4346.98 -1890 4071.66 1 -50 58
2 0 49152 7322 3863.16 -1332.4 1446.77 0 5 0
68 0 60928 0 4074.22 -1919.28 3798.86 1 20 0
74 0 29408 0 1904.17 -93.17 21.84 6 0 0
74 0 29408 0 1912.92 -93.17 594.75 6 0 0
68 0 26624 0 4532.89 -1881.28 3840.45 3 20 0
43 65075 39593 3822 4079.47 -1211.23 716.73 0 0 0
43 1377 46249 3066 4191.99 -1176.38 792.92 0 0 0
43 6631 33024 3287 1937.89 -1234.42 3315.89 0 0 0
74 0 61457 0 3762.78 -1125 -313.84 1 30 0
D 0 29544 0 1772.14 -683.18 322.35 2 0 0
43 65253 28928 77 4967.74 -2179.39 3810.81 0 0 0
43 0 61184 0 4842.91 -2030 3953.84 0 0 0
43 0 49936 0 4763.37 -1880 3587.43 0 0 0
58 0 32768 0 4755.92 -1221 -220.33 42.1 40 -172
68 19872 59447 57863 4183.9 -1186.9 840.43 3 19 0
27 0 32768 0 3370.03 -1432 -385 0 0 0
D 0 48050 0 3367.83 -1430.48 -305.32 0 0 0
68 16384 0 0 2451.9 -1270.47 770.49 2 16 0
43 64788 9193 60727 4584.98 -1487.98 479.43 0 0 0
52 1231 43065 63731 5178.56 -1705.07 1050.87 0 0 0
52 63543 20824 62546 4871.26 -1484.79 1622.62 0 0 0
43 62942 11593 60493 4443.64 -1432.33 376.24 0 0 0
D 0 29544 0 1772.14 -683.18 286.35 2 0 0
43 2857 73 65521 4678.2 -932.03 329.61 0 0 0
43 930 6473 61167 4715.63 -1553.18 646.87 0 0 0
43 0 32768 0 3879.82 -1326 1233.67 0 -21 0
43 187 17664 62995 3974.22 -1939.55 4042.24 0 0 0
43 62969 13312 64628 4575.81 -2170.56 4059.46 0 0 0
43 60323 22249 64208 4162.41 -1324.55 367.98 0 0 0
43 6662 34304 64754 1924.7 -1118.29 3193.89 0 0 0
43 9535 38617 11287 4372.6 -773.2 -211.02 0 0 0
43 64838 11216 226 4470.55 -1932.42 4056.91 0 0 0
43 0 29440 0 4973.72 -2030 3794.21 0 0 0
74 0 33714 0 4726.38 -1444.33 1652.14 0 0 0
20 0 49152 0 5715.8 -1673.4 1252 0 0 0
43 63563 55552 2340 4793.04 -2189.62 4000.36 0 0 0
43 4440 36425 3411 4694.71 -817.73 132.73 0 0 0
43 0 26384 0 4581.76 -1880 3828.56 0 0 0
D 0 33774 0 4955.38 -1676 1441.51 4 0 0
43 3495 59049 801 4575.04 -1031.01 592.07 0 0 0
43 63066 65097 2578 3966.39 -1245.12 501.37 0 0 0
43 570 18688 56913 4225.76 -2080.91 3952.95 0 0 0
43 64452 48384 3107 4673.8 -1905.12 4058.78 0 0 0
43 2995 2217 2692 4662.02 -898.84 201.53 0 0 0
43 385 49152 11999 3740.16 -1298.92 3699.04 0 0 0
43 0 32768 0 3879.82 -1326 1529.67 0 -21 0
43 1670 42313 62654 5045.65 -1646.49 913.44 0 0.4 0
43 0 59152 0 4578.44 -1880 3715.67 0 0 0
43 0 26896 0 4450.36 -1880 4035.62 0 0 0
43 170 44288 63366 4394.46 -2164.23 3912.55 0 0 0
74 0 61457 0 3831.56 -850 -313.26 0 30 0
43 810 8777 63352 4906.29 -1640.12 900.56 0 0 0
43 64165 52184 62449 4757.16 -1448.11 1622.69 0 0 0
43 1900 15529 2399 4249.58 -1135.59 888.7 0 0 0
43 3460 27465 397 4684.79 -977.79 576.47 0 0 0
43 5756 4617 8207 4515.061 -869.49 -74.1 0 0 0
27 0 32768 0 3370.03 -1432 -345 0 0 0
43 65486 44544 65405 4214.2 -1940.84 3824.73 -0.3 0 0
43 3919 34633 996 4746.85 -867.72 276.92 0 0 0
20 0 61895 0 4963 -2102.5 3725.5 0 0 0
43 459 52736 61525 4073.15 -1968.14 3951.26 0 0 0
43 64593 3657 3413 3968.73 -1211.9 675.97 0 0 0
43 2744 21577 1869 4413.26 -1093.36 861.21 0 0 0
43 61111 16361 61763 4283.09 -1371.29 338.22 0 0 0
43 61386 27817 1624 4072.29 -1281.75 454.28 0 0 0
43 3076 2985 4983 4610.76 -879.45 75.2 0 0 0
43 3453 31817 43 4750.83 -917 407.22 0 0 0
D 0 20356 0 3127.95 -2021.1 3960.12 5 0 0
43 65127 49448 64283 4722.37 -1587.72 1626.71 0 0 0
43 65408 24320 2457 4847.32 -1842.37 4077.32 0 0 0
43 794 10825 2999 4081.42 -1171.94 832.04 0 0 0
43 845 39753 62437 4867.74 -1577.71 740.4 0 0 0
43 5713 37593 5686 4603.78 -784.23 0.35 0 0 0
43 63114 33449 3031 4041.81 -1246.18 582.3 0 0 0
D 0 29544 0 1772.14 -683.18 304.35 6 0 0
43 63796 24360 63628 5017.22 -1568.73 1564.06 0 0 0
43 0 32768 0 3879.82 -1326 1380.67 0 -21 0
43 0 33552 0 4960.32 -1880 3763.56 0 0 0
43 8506 2304 63892 1861.78 -1179.71 3267.49 0 0 0
D 0 36138 0 4808.28 -1380 -317.21 5 0 0
43 3074 25513 952 4570.1 -1033.97 728.87 0 0 0
43 3679 62345 256 4659.13 -972.88 443.39 0 0 0
43 63699 42473 61048 4573.92 -1455.45 357.31 0 0 0
68 17312 59703 51463 4309.14 -1402.9 289.24 3 19 0
68 7584 59959 61191 4523.51 -1082.9 725.38 3 19 0
68 0 16208 65024 824.42 -597.68 307.2 2 30 0
27 0 32768 0 3370.03 -1432 -105 0 0 0
27 0 32768 0 3370.03 -1432 -145 0 0 0
27 0 32768 0 3370.03 -1432 -185 0 0 0
27 0 32768 0 3370.03 -1432 -225 0 0 0
27 0 32768 0 3370.03 -1432 -265 0 0 0
27 0 32768 0 3370.03 -1432 -305 0 0 0
