19 0 42735 0 -2081.44 1776.59 -47.06 4 17 4
19 0 57835 0 -1910.74 1797.59 -49.36 11 42 9
19 65436 65335 65436 -2000.34 1737.45 -53.56 87 2 49
16 0 15979 0 -2101.34 1801.59 -62.56 20 42 49
16 0 48479 0 -1897.34 1801.59 -62.56 20 42 49
1 65532 32752 65535 -5550.41 -4742.86 13619.72 5 22 0
2D 0 16384 0 -2067.31 1809.77 -820.3 17 0.2 17
26 0 32768 0 -6549.88 -6585.79 22273.31 30 5 0
2D 0 18432 0 -1950.74 1832.88 -399.97 10 0.2 70
2D 0 10240 0 -1957.7 1832.88 -362.22 20 0.3 10
2D 0 59392 0 -2027.94 1832.88 -347.54 11 0.3 50
2D 0 51200 0 -2049.76 1832.88 -380.39 2 0.5 20
2D 0 26624 0 -1971.68 1832.88 -431.87 2 0.3 40
2D 0 2048 0 -1989.83 1832.88 -340.32 6 0.6 20
2D 0 49152 0 -1934.52 1809.77 -819.6 4 0.1 50
17 0 1508 0 -1883.47 1755.88 -687.98 42 42 27
1F 0 17037 0 -1999.52 1752.5 -336.69 5 20 11
2D 0 49152 0 -1934.52 1809.77 -1037.6 4 0.1 50
33 64951 45056 4267 -2766.98 1397.81 2222.29 20 1 30
2D 0 16384 0 -2067.31 1809.77 -964.3 8 0.4 60
2D 0 16384 0 -2067.31 1809.77 -1035.6 14 0.2 10
2D 0 49152 0 -1934.52 1809.77 -964.6 4 0.1 50
26 0 32768 0 -6549.88 -6585.79 22141.31 30 5 0
26 0 32768 0 -5550 -4725.99 14719.93 20 5 0
26 0 32768 0 -5550 -4725.99 14453.93 20 5 0
26 0 32768 0 -5550 -4725.99 13653.93 20 5 0
26 0 0 0 -5550 -4725.99 14853.93 40 5 0
26 0 32768 0 -5550 -4725.99 14186.93 20 5 0
26 0 0 0 -5550 -4725.99 14319.93 40 5 0
26 0 0 0 -5550 -4725.99 14053.93 40 15 0
26 0 32768 0 -5550 -4725.99 13386.93 20 5 0
26 0 32768 0 -5550 -4725.99 13919.93 20 5 0
26 0 0 0 -5550 -4725.99 14586.93 40 5 0
26 0 0 0 -5550 -4725.99 13786.93 40 5 0
26 0 0 0 -5550 -4725.99 13519.93 40 5 0
26 0 0 0 -6549.88 -6585.79 22873.31 40 5 0
26 0 32768 0 -6549.88 -6585.79 22806.31 30 5 0
26 0 0 0 -6549.88 -6585.79 22206.31 40 5 0
26 0 0 0 -6549.88 -6585.79 22340.31 40 5 0
26 0 0 0 -6549.88 -6585.79 22473.31 40 5 0
26 0 32768 0 -6549.88 -6585.79 22406.31 30 5 0
26 0 32768 0 -6549.88 -6585.79 22540.31 30 5 0
1F 0 17037 0 -1999.52 1752.5 -336.69 3 20 11
26 0 0 0 -6549.88 -6585.79 22606.31 40 5 0
1F 0 17037 0 -1999.52 1752.5 -336.69 4 20 11
32 0 32768 0 -1909.69 1486.66 1502.52 30 35 0
27 0 0 0 -1999.9 1779.5 206.52 14 11 50
32 0 49152 0 -3299.58 449.7 7509.44 30 40 0
27 0 0 0 -2999.98 1279.5 2762.6 48 10 20
10 1669 21372 0 3294.22 -1821.26 8926.81 2 0 0
32 0 57344 0 -2211.23 1436.86 1788.94 20 35 0
2E 1098 45824 358 -3054.94 1286.69 2318.41 0 0 0
32 0 0 0 -2090.89 1486.66 1501.12 20 25 0
27 0 0 0 -2999.98 1242.01 4332.6 8 10 20
27 0 0 0 -1999.9 1779.5 86.52 34 1 30
32 0 16384 0 -2498.7 1385.66 2090.11 30 35 0
27 0 0 0 -2999.98 1279.5 2522.6 58 0 50
27 0 0 0 -2999.98 1279.5 2642.6 18 20 50
32 0 49152 0 -2501.5 1385.66 1909.81 20 25 0
32 0 16384 0 -3300.04 649.7 8291.25 30 40 0
32 0 32768 0 -2909.27 748.7 7899.5 30 30 0
32 0 32768 0 -3509.51 549.5 7900.04 20 40 0
32 0 49152 0 -3300.04 649.7 8109.25 20 80 0
32 0 0 0 -3689.91 549.5 7900.04 30 60 0
32 0 16384 0 -3298.08 450 7691.14 20 50 0
32 0 0 0 -3091.27 748.7 7897.91 20 60 0
27 0 32768 0 -1999.9 1779.5 -33.48 24 0 30
2D 0 43008 0 -2042.04 1832.88 -418.15 11.1 0.3 10
27 0 0 0 -1999.9 1779.5 326.52 44 1 10
1F 0 17037 0 -1995.96 1752.5 -532.08 1 20 11
27 0 0 0 -1999.9 1779.5 566.52 28 1 10
27 0 0 0 -2999.98 1279.5 2882.6 28 20 40
27 0 0 0 -2999.98 1242.01 3972.6 28 0 40
27 0 0 0 -2999.98 1242.01 4092.6 18 10 0
27 0 0 0 -2999.98 1242.01 4212.6 38 20 40
2B 560 20082 360 3189.79 -1759.41 8928.74 -1.5 19.99 0
2C 12848 52850 45416 3364.61 -1734.41 8695.73 3 19.99 0
2C 8752 61042 4456 2403.35 -2004.41 9461.53 5039 19.99 0
27 0 0 0 -1999.9 1779.5 686.52 58 11 50
29 4064 64086 8192 2374.34 -2084.96 9462.41 42 -3 0
2A 12848 44658 360 1076.28 -2324.41 9381.83 0.5 19.99 0
32 0 0 0 -6641.02 -6578 20690.13 50 32 22
2A 36896 44626 33128 604.11 -2315.61 9327.34 0.4 19.99 0
2B 44544 44594 32584 800.77 -2357.61 9386.55 -0.8 19.99 0
2A 52736 44594 24392 207.11 -2266.61 9168.49 0.4 19.99 0
2A 19968 44594 32584 19.21 -2301.61 9338.39 0.2 19.99 0
2C 1248 42034 57160 -2221.65 -2459.8 9110.49 -3.2 19.99 0
1 64093 50443 65332 -567.39 -2432.54 9369.64 4 30 0
2B 7168 6962 19528 -2318.97 -2384.9 9201.68 -1 19.99 0
2A 52736 56882 65352 -2166.46 -2356.7 9224.83 -0.5 19.99 0
2A 32256 56882 65352 -1734.4 -2328.7 9463.33 0.1 19.99 0
2A 15872 36402 48968 -1441.08 -2342.7 9417.83 -0.5 19.99 0
2A 48640 20018 24392 -1201.12 -2276.9 9624.04 0.2 19.99 0
2B 40448 7730 28488 -1016.96 -2304.9 9751.44 -1 19.99 0
2A 56832 7730 20296 -266.85 -2332.9 9526.32 -0.5 19.99 0
2A 56832 44594 20296 -815.11 -2321.7 9494.69 0.1 19.99 0
2C 56832 7730 20296 -17.59 -2255.9 9170.27 3.5 19.99 0
2B 53280 36434 33128 431.31 -2309 9156.8 -2 19.99 0
2B 52736 7730 28488 -451.81 -2374.9 9512.52 -2 19.99 0
24 5114 32768 0 -4599.75 -4311.43 10303.53 0 0 0
2C 52736 7730 28488 -657.99 -2374.9 9298.3 3 19.99 0
2A 3584 20018 24392 -1089.18 -2367.9 9384.23 -0.5 19.99 0
2B 39936 35634 15432 -1660.31 -2339.9 9320.47 -1 19.99 0
2B 27648 35634 64584 -2005.14 -2354.9 9444.37 2 19.99 0
2A 56832 28210 36680 -2459.07 -2433.7 9015.76 -0.1 19.99 0
2B 65024 40498 36680 -2286.73 -2434.7 8957.81 0.5 19.99 0
2B 3584 11826 65352 -2441.45 -2474.8 8572.3 -0.5 19.99 0
2B 56832 28210 44872 -2425.41 -2434.8 8823 -1.1 19.99 0
2C 56832 28210 44872 -2472.79 -2474.8 8703.9 -3.1 19.99 0
2C 13536 29746 44872 -2343.74 -2474.8 8816.97 1.9 19.99 0
2C 38112 37938 40776 -2808.98 -2558.8 8389.79 -1.1 19.99 0
2C 38112 50226 61256 -2715.42 -2534.8 8531.75 3.9 19.99 0
2C 25824 50226 61256 -2552.92 -2534.8 8475.26 -1.1 19.99 0
2B 25824 50226 61256 -2855.78 -2573.8 8491.28 -0.3 19.99 0
2B 1248 62514 8008 -2666.97 -2507.8 8362.49 1.8 19.99 0
2C 1248 50226 65352 -2463.94 -2498.8 8846.26 -1.2 19.99 0
2B 39936 43826 27720 -1519.33 -2319.9 9672.09 2 19.99 0
2C 1248 33842 40776 -2117.86 -2396.8 9373.19 1.8 19.99 0
28 0 32768 0 -2909.86 742 6062.69 0 0 0
28 0 0 0 -3090.16 742 5162.69 0 0 0
28 0 0 0 -3090.16 742 5362.69 0 0 0
28 0 0 0 -3090.16 742 5562.69 0 0 0
28 0 0 0 -3090.16 742 5762.69 0 0 0
28 0 0 0 -3090.16 742 5962.69 0 0 0
1F 1537 16896 242 -2990.98 1250.45 2522.19 0 0 0
28 0 32768 0 -2909.86 742 5062.69 0 0 0
28 0 32768 0 -2909.86 742 5262.69 0 0 0
28 0 32768 0 -2909.86 742 5462.69 0 0 0
28 0 32768 0 -2909.86 742 5662.69 0 0 0
28 0 32768 0 -2909.86 742 5862.69 0 0 0
2E 64504 4864 64107 -3474.72 458.62 7558.84 0 0 0
2E 65202 53504 61951 -3278.38 793.2 6947.53 0 0 0
2E 65041 56576 63038 -3194.48 773.79 7077.28 0 0 0
2E 1674 44544 548 -2957.33 698.58 8072.48 0 0 0
2E 1032 37888 1429 -3125.25 658.91 8241.74 0 0 0
2E 64995 27904 1676 -3472.52 598.15 8242.23 0 0 0
2E 64114 21504 1041 -3641.44 558.79 8075.05 0 0 0
2E 63862 11520 64988 -3642.4 498.66 7726.92 0 0 0
2E 1480 45824 484 -1944.67 1446.13 1679.62 0 -1 0
32 0 24576 0 -2082.79 1436.56 1917.79 30 25 0
2E 356 35840 1098 -2679.55 1346.62 1944.45 0 0 0
24 852 23663 1140 -2081.99 1408.98 1816.53 0 21 30
2E 933 42496 680 -2971.77 1306.27 2156.22 0 0 0
2E 933 42496 680 -2027.47 1425.96 1842.5 0 0 0
2E 913 39424 1006 -2155.94 1406.62 1971.59 0 0 0
2E 479 35840 1481 -2318.63 1386.74 2055.09 0 0 0
1 65532 32752 65535 -5549.67 -4742.86 13483.81 5 22 0
2B 57344 58573 24576 -6685.37 -5794.12 17505.23 1.1 0 2000
28 0 16384 56484 -2815.86 307.02 7690.27 0 0 0
28 61442 16384 54882 -2256.16 -733.44 7685.56 0 0 0
28 0 16384 0 -999.22 -1217.85 7690.2 0 0 0
28 0 16384 53760 -2517.88 -208.33 7690.19 0 0 0
28 0 16384 53916 -2394.76 -474.5 7689.87 0 0 0
28 0 16384 54036 -2647.86 60.51 7690.07 0 0 0
28 61449 16384 57454 -2058.76 -999.59 7685.47 0 0 0
28 0 16128 63203 -1779.88 -1170.21 7689.88 0 0 0
28 0 16384 64997 -1461.22 -1213.55 7690 0 0 0
28 0 16384 0 -1199.22 -1217.85 7690.2 0 0 0
28 0 16384 63744 -3045.86 424.03 7689.87 0 0 0
28 0 49152 61440 -2923.86 385.73 7509.76 0 0 0
28 0 49152 55296 -2723.86 189.13 7509.86 0 0 0
28 0 49152 53760 -2580.86 -74.07 7509.86 0 0 0
28 0 49152 53760 -2456.16 -342.37 7509.76 0 0 0
28 0 49152 54272 -2327.75 -606.77 7509.76 0 0 0
28 0 49184 55552 -2167.75 -875.77 7509.96 0 0 0
28 0 49184 60416 -1930.75 -1102.77 7509.96 0 0 0
28 0 49152 64256 -1622.11 -1199.77 7509.8 0 0 0
28 0 49152 0 -1301.11 -1218.27 7509.99 0 0 0
28 0 49152 0 -1100.11 -1218.27 7509.99 0 0 0
33 60861 11648 62366 -3124.87 840.35 7284.85 0 0 0
29 65504 64086 57344 3224.35 -1688.96 8640.44 42 3 0
29 65504 64086 8192 3236 -1760.96 9050.22 42 -4 0
29 61408 47702 0 -2976.11 -2552.96 8365.38 42 3 0
2C 21040 32370 360 3030.51 -1840.41 9397.07 -1 19.99 0
2C 4656 44658 4456 1572.43 -2369.41 9285 1 19.99 0
29 61408 6742 0 1645.04 -2339.96 9329.4 42 2 0
29 57312 6742 8192 67.81 -2321.96 9126.86 42 3 0
29 4064 6742 8192 822.47 -2339.96 9461.53 42 -4 0
29 65504 2646 0 -1087.06 -2321.96 9621.25 42 3 0
29 12256 6742 0 -605.22 -2363.96 9486.95 42 -2 0
29 4064 2646 4096 -2134.49 -2360.96 9425.5 42 3 0
29 61408 10838 4096 -1581.53 -2357.96 9383.14 42 -2 0
29 61408 59990 0 -2319.18 -2396.96 9084.13 42 -4 0
29 65504 59990 4096 -2561.94 -2489.96 8619.53 42 2 0
2E 356 34816 1098 -4191.73 -2637.9 8323.45 42 2 0
2E 523 37376 1029 -4364.09 -2656.8 8379.25 42 2 0
2E 815 40960 818 -4511.91 -2677.16 8486.43 42 2 0
2E 1028 44288 526 -4620.02 -2697.25 8634.81 42 2 0
2E 1140 47360 181 -4676.1 -2717.65 8807.71 42 2 0
27 0 16384 0 50 -1510 7599.91 30 0 1700
27 0 16384 0 410 -1510 7599.91 10 10 52
27 0 16384 0 170 -1510 7599.91 20 10 20
27 0 16384 0 530 -1510 7599.91 38 20 42
27 0 16384 0 290 -1510 7599.91 40 20 32
27 0 16384 0 650 -1510 7599.91 10 10 12
2E 587 57856 64431 1161.96 -1573.09 7686.47 10 10 12
2E 523 60928 64507 1014.49 -1552.9 7579.4 10 10 12
2E 842 54272 64825 1269.91 -1593.04 7834.37 10 10 12
2E 1025 50944 65291 1326.33 -1612.89 8007.43 10 10 12
2E 242 64000 64254 839.7 -1533.09 7523.1 10 10 12
2E 1028 54016 65011 1229.66 -1653.23 8364.64 10 10 12
2E 523 60416 64507 1483.87 -1693.52 8619.64 10 10 12
2E 516 57088 64499 1336.71 -1673.53 8512.44 10 10 12
2D 0 34816 0 -2009.7 1832.88 -439.81 20 0.2 20
32 0 13344 64438 877.55 -1521.39 7710.93 40 30 12
32 0 6688 64617 1081.8 -1561.93 7859.15 30 10 12
32 1557 800 0 1159.79 -1602.67 8103.14 20 50 12
27 0 32768 0 -5550 -4726 12520 20 20 12
27 0 32768 0 -5550 -4726 12640 10 10 32
27 0 32768 0 -5550 -4726 12760 30 20 52
27 0 32768 0 -5550 -4726 12880 10 10 2
27 0 32768 0 -5550 -4726 13000 20 20 22
27 0 32768 0 -5550 -4726 13120 40 0 22
2C 53248 58573 16384 -6559.45 -6529.12 18545.71 -3.8 0 2000
2C 32768 58573 8192 -6539.02 -5073.12 17050.85 -2.9 0 2000
32 0 32768 0 -6459.02 -6578 20690.13 20 8 22
32 0 32768 0 -6459.02 -6578 21090.13 20 50 22
2B 0 58573 61440 -6747.58 -6557.12 18375.85 -1.9 0 2000
2C 53248 58573 16384 -6552.51 -6375.12 17863.82 -3.8 0 2000
32 0 32768 0 -6459.02 -6578 20490.13 30 30 22
2C 20480 58573 61440 -6661.3 -5465.12 17291.98 3.1 0 2000
2C 61440 58573 61440 -6433.58 -6501.12 18397.94 -3.8 0 2000
2C 32768 5325 20480 -6583.9 -5787.12 17480.39 -4.8 0 2000
2C 32768 58573 8192 -6670.66 -6032.12 17594.3 2.2 0 2000
2C 32768 58573 36864 -6594.56 -6529.12 18349.71 2.2 0 2000
32 0 0 0 -6641.02 -6578 21090.13 30 22 22
32 0 0 0 -6641.02 -6578 20490.13 40 42 22
2F 3584 23369 64512 -6733.68 -6375.58 22032.33 0.3 -0.1 0
34 0 42189 0 -5485.43 -4478.12 12381.69 5000 0 2000
34 0 21709 0 -5697.47 -4569.12 12330.97 5000 0 2000
2A 36864 29901 16384 -6722.98 -5178.12 17177.62 0.2 0 2000
2A 24576 29901 49152 -6386.2 -5857.12 17546.26 -0.5 0 2000
2A 36864 29901 16384 -6414.76 -6431.12 18002.02 -0.3 0 2000
2A 0 50381 4096 -6777.24 -5556.12 17380.52 0.4 0 2000
1 65373 16640 65024 -3114.21 -2633.54 8365.38 4 30 0
2A 61440 29901 40960 -6740.58 -6284.12 17796.9 0.7 0 2000
2B 4096 29901 8192 -6401.33 -5164.12 17100.47 2 0 2000
2B 53248 21709 40960 -6704.77 -5367.12 17248.48 -1 0 2000
2B 32768 5325 12288 -6428.34 -5668.12 17394.06 1.3 0 2000
2B 16384 5325 12288 -6516.23 -6018.12 17662.79 2.2 0 2000
2B 61440 5325 24576 -6400.99 -6361.12 17842.08 -1.8 0 2000
2B 61440 5325 20480 -6687.13 -6480.12 18084.04 3.2 0 2000
2B 61440 58573 61440 -6534.35 -6515.12 18237.95 -1.8 0 2000
2A 7680 44594 32584 -444.95 -2312.51 9331.16 -0.5 19.99 0
24 0 16288 0 -3520.58 -2644 8339.93 8 0.3 0
32 0 63816 0 -4721.85 -4347.56 11230.67 40 20 0
32 0 63560 0 -5141.93 -4349.15 11325.45 40 30 0
32 0 30792 0 -4960.93 -4349.65 11325.45 30 10 0
32 0 29768 0 -5042.09 -4409.65 11966.79 50 20 0
32 0 62280 0 -5217.59 -4411.45 11955.38 30 10 0
32 0 63560 0 -5609.52 -4420.45 11937.19 40 20 0
32 0 30792 0 -5428.52 -4420.45 11937.19 20 0 0
2E 1154 47688 0 -5473.48 -4749.86 15610.77 20 0 0
2E 523 37960 1029 -5783.56 -4808.88 16039.45 20 0 0
2E 815 41032 818 -5637.01 -4788.89 15932.58 20 0 0
2E 1028 44360 525 -5529.66 -4768.98 15784.46 20 0 0
2E 65472 37448 1389 -6314.29 -4869.41 16000.01 20 0 0
2E 815 40520 818 -6461.23 -4889.66 16106.06 20 0 0
2E 1028 44104 526 -6569.66 -4908.99 16254.01 20 0 0
32 0 73 0 -6640.7 -4926.58 16710.62 40 20 0
32 0 32841 0 -6459.49 -4926.58 16710.62 30 10 0
30 3840 32841 65024 -6102.98 -4653.58 16383.07 -0.1 -0.1 0
31 3840 32841 65024 -5916.86 -4632.58 15735.94 0.2 -0.1 0
35 0 16384 0 -6156.25 -6366.81 19036.16 5000 0.09 1100
32 0 0 0 -6640.52 -6562.61 19009.23 31 20.09 1100
32 0 32768 0 -6459.72 -6562.61 19009.23 51 10.09 1100
29 4096 16384 57344 -6484.41 -5064.61 17082.39 51 -4.91 1100
29 4096 61440 8192 -6647.99 -5344.61 17241.86 51 3.09 1100
29 8192 32768 57344 -6460.35 -5561.61 17344.25 51 -2.91 1100
29 28672 36864 45056 -6661.11 -5848.61 17481.84 51 4.09 1100
35 0 4338 0 -2189.47 1033.99 5150.82 4000 0 1300
1 0 0 0 -2000.66 1757 -878.18 6 20 1
1 64093 50443 65332 -567.73 -2432.74 9351.65 4 30 0
10 0 15918 0 -3051.1 745 7214.05 2 0 0
25 0 49200 64382 2768.07 -1742.2 8637.64 5 0 12
1F 0 17037 0 -1886.25 1752.5 -435.6 0 20 11
1 0 1940 0 -1940.83 1756.5 -430.47 6 29 1
27 0 0 0 -1999.9 1779.5 446.52 14 21 30
1F 0 0 0 -2984.62 712 4928.12 6 0 0
24 0 32768 0 -1968.82 1749.5 60.52 8 21 30
24 0 32768 0 -1938.82 1749.5 60.52 8 21 30
24 0 32768 0 -2028.82 1749.5 60.52 8 21 30
0 0 16031 0 -6550.51 -6623.03 23309.85 0 0 0
10 0 32768 0 -2039.84 1520.5 1362.67 2 21 30
24 0 49152 2611 -832.54 -1237.6 7630.43 11 0 0
24 0 49152 2611 -832.54 -1237.6 7600.43 11 0 0
24 0 49152 2611 -832.54 -1237.6 7570.43 11 0 0
24 0 49152 2611 -832.54 -1237.6 7540.43 11 0 0
24 0 32768 0 -1998.82 1749.5 60.52 8 21 30
28 0 0 0 -3090.16 742 4962.69 0 0 0
1F 0 0 0 -3012.51 712 4930.69 1 0 0
1F 0 0 0 -2963.71 712 4926.2 2 0 0
1F 0 0 0 -3033.42 712 4932.61 3 0 0
24 0 49152 2611 -832.54 -1237.6 7660.43 11 0 0
1 0 32911 64899 -3027.1 719.78 5500.78 4 20 0
24 1280 32000 0 -5458.29 -4457 11933.45 0 0 0
1 1657 5398 65081 1343.1 -1663.48 8317 4 20 0
25 0 49200 64382 1789.65 -1740 8562.09 5 0 12
2E 0 63744 64382 1657.15 -1713.08 8676.31 10 10 12
24 0 32807 0 -2971.13 1211.9 4156.2 0 0 0
21 0 0 65535 -2033.9 1754.1 -767.52 6 20 11
1F 0 17037 0 -1999.52 1752.5 -336.69 2 20 11
26 0 32768 0 -6549.88 -6585.79 22733.31 30 5 0
26 0 32768 0 -6549.88 -6585.79 22673.31 30 5 0
2D 0 49152 0 -1934.52 1809.77 -895.6 4 0.1 50
24 0 32749 0 -6551.11 -6616.55 22160.37 10 0 0
24 5114 32768 0 -4539.75 -4311.43 10303.53 0 0 0
24 5114 32768 0 -4569.75 -4311.43 10303.53 0 0 0
28 460 65488 65535 -4689.91 -4369.49 10738.63 32 18 0
24 5114 32768 0 -4659.75 -4311.43 10303.53 0 0 0
24 0 16384 0 -2931.55 -2638.55 8342.32 0 0 0
24 0 16384 0 -2931.55 -2638.55 8372.32 0 0 0
25 0 32790 65 -6587.36 -6604.64 19012.93 15 1 0
10 0 61396 0 2158 -1715.19 8640.33 2 0 0
2E 677 39168 935 -2842.05 1326.59 2027.12 0 0 0
1C 0 0 0 -1997.24 1751.16 -644.02 0 0 13
1F 677 39168 935 -2884.44 1305.59 2232.79 2 0 0
16 0 59593 64353 1068.83 -1542.07 7472.71 180 100 0
1 0 1940 0 -2048.5 1755.5 -363.62 6 29 1
2C 4656 32370 360 3116.84 -1799.41 9153 1 19.99 0
2C 45616 7794 360 3231.04 -1824.41 9295.92 -1 51.99 0
24 1280 32000 0 -5575.29 -4457 11933.45 0 0 0
24 1280 32000 0 -5546.29 -4457 11933.45 0 0 0
24 1280 32000 0 -5518.29 -4457 11933.45 0 0 0
24 1280 32000 0 -5488.29 -4457 11933.45 0 0 0
24 0 32926 0 -5495.77 -4756 15114.63 0 0 30
24 768 23694 1280 -5750.72 -4807.36 15846.54 0 0 30
24 65280 13040 512 -1870.63 -2444.06 9421.74 0 0 0
24 0 32807 0 -3054.58 1211.9 3290.85 0 0 0
1F 677 39168 935 -3011.35 1214.59 3232.58 1 0 0
10 0 15918 0 -3205.38 745 6808.61 2 0 0
10 0 15918 0 -3037.67 740 6360.84 2 0 0
10 0 0 0 -2957.79 725 5216.49 2 20 1
10 0 0 0 -1815.37 -1177 7632.06 7 20 1
10 0 59297 65408 119.35 -1519.96 7602.92 6 0 0
2C 25136 65138 45416 3261.96 -1739.41 8807.11 1 19.99 0
10 176 49655 57088 -2537.78 -208.31 7597.23 6 0 0
24 0 16453 0 1578.49 -2444 9447.76 0 0 0
24 0 16453 0 1578.49 -2444 9417.76 0 0 0
29 65504 64086 4096 2870.2 -1868.96 9370.57 42 2 0
2B 56832 7730 20296 7.63 -2332.9 9196.64 -1.5 19.99 0
1 0 65469 0 -4615.73 -2738.29 8962.65 4 20 0
25 0 49200 64382 2485.26 -1740 8561.45 5 0 12
25 0 49200 64382 2071.44 -1742.5 8637.65 5 0 12
24 63744 4080 0 -2355.16 -2554.72 8798.8 0 0 0
24 63744 4080 0 -2382.16 -2554.72 8807.8 0 0 0
24 65280 13040 512 -1879.8 -2444.06 9448.9 0 0 0
24 3970 32777 0 -6550.37 -6548.73 17982.15 0 0 30
34 0 49152 0 -557.6 -1017 7420.51 20 1 30
1 0 32846 0 -5495.99 -4747 15216.89 4 20 0
24 0 32768 0 -5550.06 -4756 13341.31 0 0 0
1F 677 39168 935 -2986.08 1214.59 3185.81 4 0 0
24 0 32807 0 -3025.68 1211.9 3290.85 0 0 0
24 0 32807 0 -2941.13 1211.9 4156.2 0 0 0
25 0 32790 65 -6512.66 -6604.64 19012.93 15 1 0
34 8192 57344 61440 -365.58 -1346 7845.82 20 1 30
10 0 0 0 2222.65 -2229 9362.36 3 20 1
10 0 61396 0 1921.49 -1715.19 8560.98 2 0 0
10 0 61396 0 2571.95 -1715.19 8561.77 2 0 0
24 0 32768 0 -2058.82 1749.5 60.52 8 21 30
24 0 32768 0 -3060.08 712 5409.54 0 0 0
24 0 32768 0 -3030.08 712 5409.54 0 0 0
1 64900 47030 64146 839.6 -1541.72 7580.72 3 20 0
1 1913 7958 65081 1074.29 -1579.48 7773.84 4 20 0
2C 3584 7730 28488 -222.88 -2346.9 9245.54 3.5 19.99 0
1 65180 49085 98 -3313.36 -2636.29 8399.33 4 20 0
1F 0 16288 0 -3990.92 -2644 8402.41 0 0 0
10 1028 15272 525 -6397.05 -4894.18 16121.53 2 20 0
10 1028 15272 525 -6256.02 -4875.18 16102.47 2 20 0
10 1028 15272 525 -6333.45 -4887.18 16118.63 2 20 0
1 0 32591 0 -6552.35 -6608.98 21857.95 3 30 0
2D 0 16384 0 -2067.31 1809.77 -892.3 3 0.3 80
36 0 0 0 -2000 1750 -48.7 -1 0 0
24 762 32768 0 -4658.98 -4397.43 10697.58 0 0 0
18 0 22499 0 -1895.48 1788.49 -111.3 11 42 59
10 0 0 0 -2909.14 1294 2272.62 3 20 1
23 0 32586 0 -6549.75 -6616 23180.05 0 0 0
2C 4656 32370 45416 3154.16 -1701.41 8709.37 5039 19.99 0
1D 0 48896 0 -2000.02 1767.5 -926.62 60 30 18
16 0 51740 0 -1862.38 1749.5 -729.3 30 31 0
2B 57904 7794 360 3347.61 -1759.41 9086.67 0.5 19.99 0
1 64093 42507 65332 -1374.76 -2414.54 9555.17 4 30 0
1 0 0 0 -1999.19 1758.44 185.94 4 20 0
1 0 32911 64899 -3024.04 1217.78 3380.49 4 20 0
1 0 32911 64899 -2959.47 1217.78 3625.66 4 20 0
1 0 32911 64899 -2960.04 1217.78 4240.34 4 20 0
0 0 16031 0 -6550.51 -6599.03 23309.85 0 0 0
0 0 16031 0 -6550.51 -6608.03 23309.85 0 0 0
2A 28672 58573 49152 -6403.07 -5290.12 17281.71 -0.7 0 2000
17 0 27891 61440 -2121.76 1764.49 -694.2 42 42 27
16 0 15132 0 -2128.71 1749.5 -730.23 30 31 0
1 0 32591 0 -6551.2 -6609.98 21594.94 3 30 0
18 0 22499 0 -2107.57 1788.49 -115.67 11 42 59
16 0 22499 0 -2177.87 1773.49 -40.07 29 42 59
16 0 22499 0 -2177.87 1773.49 -40.07 29 42 59
16 0 22499 0 -2177.87 1773.49 -40.07 29 42 59
16 0 22499 0 -2177.87 1773.49 -40.07 29 42 59
16 0 22499 0 -2177.87 1773.49 -40.07 29 42 59
16 0 43747 0 -1785.61 1773.49 -59.95 29 42 59
16 0 43747 0 -1785.61 1773.49 -59.95 29 42 59
16 0 43747 0 -1785.61 1773.49 -59.95 29 42 59
16 0 43747 0 -1785.61 1773.49 -59.95 29 42 59
16 0 43747 0 -1785.61 1773.49 -59.95 29 42 59
1 1028 25645 525 -2906.71 1306.76 2150.17 4 20 0
1 4 32813 525 -3036.46 1255.76 2683.04 4 20 0
1 274 19950 2407 -3190.45 641.63 8211.06 4 30 0
1 62482 63982 4531 -3587.94 506.63 7845.81 4 30 0
21 62482 50043 3531 -3248.17 415.93 7605.05 1 1 1
21 46140 846 3531 -3250.469 416.03 7641.864 1 1 1
21 1392 16927 3531 -3243.046 415.93 7571.548 1 1 1
21 60610 50838 3531 -1523.569 -1234.87 7645.845 1 1 1
21 56546 54904 3531 -1514.776 -1235.57 7603.976 1 1 1
21 47606 63851 3531 -1510.421 -1235.87 7557.496 1 1 1
32 0 31048 0 -4540.85 -4347.56 11233.16 30 10 0
1 0 49374 0 -1307.08 -1238.37 7591.53 4 30 0
1 0 49374 0 -1308.14 -1239.37 7610.5 4 30 0
10 1228 38873 65349 -261.12 -2430.25 9345.16 2 0 0
1F 0 16288 0 -3895.12 -2644 8429.11 0 0 0
1F 0 16288 0 -3895.21 -2644 8369.11 0 0 0
1 56220 49085 65098 -3751.24 -2636.29 8395.48 4 20 0
1 56220 49085 65098 -4027.22 -2636.29 8395.84 4 20 0
1 0 65469 0 -4582.88 -2738.29 8965.62 4 20 0
1 0 65469 0 -4599.8 -2738.29 8964.09 4 20 0
10 0 0 0 -2960.27 1223 3272.37 4 20 1
1 64093 42507 65332 -1366.39 -2414.54 9546.49 4 30 0
1 65373 16640 65024 -3113.11 -2633.54 8354.43 4 30 0
1 56157 48395 65332 -1712.82 -2429.54 9451.17 4 30 0
1 56157 48395 65332 -1712.03 -2429.54 9442.2 4 30 0
1 93 8192 1280 -2206.38 -2480.54 9227.55 4 30 0
1 93 8192 1280 -2216.77 -2480.54 9238.37 4 30 0
1 65373 8192 1280 -2530.57 -2573.54 8636.28 4 30 0
1 65373 8192 1280 -2524.55 -2573.54 8629.59 4 30 0
24 0 16288 0 -3520.58 -2644 8369.93 8 0.3 0
21 769 49152 65535 -1971.96 1754.1 -770.24 1 1 1
24 5114 32768 0 -4629.75 -4311.43 10303.53 0 0 0
24 762 32768 0 -4538.98 -4397.43 10697.58 0 0 0
24 762 32768 0 -4568.98 -4397.43 10697.58 0 0 0
24 762 32768 0 -4598.98 -4397.43 10697.58 0 0 0
24 762 32768 0 -4628.98 -4397.43 10697.58 0 0 0
19 0 49347 0 -2009.7 1830.49 -48.93 -5 42 70
2E 624 42240 63698 -3008.16 723.32 6538.83 0 0 0
32 0 16384 0 -45.06 -1501.87 7689.73 22 10 0
32 1002 26624 919 -4431.6 -2665.38 8660.64 52 38 0
2E 226 49664 61315 -3313.81 805.61 6797.92 0 0 0
2E 1042 43008 62861 -3103.27 733.95 6658.9 0 0 0
2E 295 45312 64058 -2929.34 717.7 6408.16 0 0 0
2C 53280 36434 33128 471.11 -2393 9459.13 1 19.99 0
2C 12320 44626 33128 1048.62 -2371.61 9524.69 -1 19.99 0
32 356 19456 1098 -4227.52 -2626.04 8510.66 42 2 0
32 0 49152 0 -45.06 -1501.56 7510.22 42 40 0
32 0 16384 0 -808.06 -1193.77 7690.47 41 10 0
32 0 32768 0 -4508.83 -2704.74 8900.16 32 18 0
28 8028 256 65535 -4689.56 -2847.5 9381.89 32 18 0
28 65196 65024 65535 -4693.36 -4372.59 10987.63 32 18 0
28 11776 32768 0 -4510.02 -3228.9 9618.13 32 18 0
28 10240 32768 0 -4509.75 -2964.6 9474.59 32 18 0
28 8156 0 65535 -4689.91 -4157.49 10139.63 32 18 0
28 2764 65488 65535 -4689.61 -4326.49 10420.63 32 18 0
28 1792 0 0 -4689.97 -2732 9153.59 32 18 0
28 4096 32768 0 -4509.76 -2770.5 9276.19 32 18 0
28 11264 32768 0 -4509.92 -3762.2 9871.52 32 18 0
28 10796 65504 65535 -4690.02 -3890.39 9941.16 32 18 0
28 11868 32 65535 -4690.13 -3630.09 9806.07 32 18 0
28 11776 32768 0 -4509.72 -3498.9 9744.13 32 18 0
28 11356 0 65535 -4689.71 -3094.6 9551.12 32 18 0
28 11868 0 65535 -4690.25 -3363.19 9681.71 32 18 0
28 1280 32768 0 -4509.98 -4356.29 10578.25 32 18 0
28 5296 32768 0 -4509.88 -4258.79 10269.55 32 18 0
28 9728 32768 0 -4510.01 -4031.2 10031.52 32 18 0
32 0 32768 0 -6459.02 -6578 21290.13 40 20 22
32 0 0 0 -6641.02 -6578 21290.13 50 22 22
32 0 32768 0 -6459.02 -6578 20890.13 30 30 22
32 0 0 0 -6641.02 -6578 20890.13 30 12 22
28 65024 31744 0 -4520.98 -4367.79 11086.25 31 18 0
28 0 32512 0 -4509.98 -4373.79 10892.25 32 18 0
35 0 4867 0 -1210 2120.53 703.87 5000 -0.01 1200
32 0 49152 0 -805.06 -1192.56 7509.63 32 40 0
34 0 40960 0 -184.97 -1496 7404.83 20 1 30
2B 45616 7794 360 2273.64 -2139.41 9305.23 1 51.99 0
2C 12848 32370 61800 3008.39 -1671.41 8627.07 -1 19.99 0
2C 29232 32370 61800 3060.97 -1694.41 8568.63 -1 19.99 0
2B 45616 20082 360 3201.66 -1634.41 8556.04 0.5 19.99 0
2A 45616 7794 360 2635.08 -1914.41 9470.22 -0.5 51.99 0
2C 4656 44658 4456 2095.02 -2209.41 9295.89 1 19.99 0
2C 45616 7794 360 2457.11 -2059.41 9480.85 -1 51.99 0
2B 560 11890 4456 3158.96 -1769.41 9414.24 -0.5 19.99 0
2B 62000 7794 20840 2932.16 -1889.41 9553.98 0.5 19.99 0
2A 560 24178 360 2461.36 -2004.41 9248.93 -0.1 19.99 0
2C 8752 32370 360 2546.24 -1999.41 9369.82 -1 19.99 0
2A 29232 15986 360 2171.82 -2114.41 9429.94 -0.1 19.99 0
2A 33328 56946 45416 1866.24 -2249.41 9335.3 0.1 19.99 0
2C 4128 36434 33128 731.72 -2393 9433.72 -3 19.99 0
2A 4656 44658 37224 1472.83 -2314.41 9399.52 0.5 20.99 0
2B 29232 56946 29032 1919.41 -2249.41 9536.04 -2 19.99 0
2B 560 40562 41320 2714.5 -1974.41 9250.13 0.5 19.99 0
2C 4656 32370 360 3552.39 -1764.41 9035.7 0.5 19.99 0
2B 4656 44658 4456 1647.37 -2374.41 9458.03 -0.5 19.99 0
2A 62000 48754 360 259.07 -2354.41 9334.3 -0.1 19.99 0
2A 62000 48754 360 1742.76 -2382.41 9580.75 -0.1 19.99 0
2A 36896 56914 8552 1263.33 -2348.61 9469.1 -0.1 19.99 0
2B 36896 44626 33128 939.37 -2371.61 9458.34 -0.5 19.99 0
2B 12320 44626 33128 1236.63 -2371.61 9285.06 -0.5 19.99 0
17 0 0 0 -1870.224 1754.714 -630.8463 1 1 1
17 0 0 0 -2127.948 1752.714 -146.9738 1 1 1
