39 0 2048 0 336.53 344 513.92 1 1 1
39 0 6144 0 422.5 344 478.31 1 1 1
39 0 10240 0 488.31 344 412.5 1 1 1
39 0 14336 0 523.92 344 326.53 1 1 1
44 0 49152 0 -89.94 189.28 -900.51 0 0 0
39 0 32768 0 330 944 -88.5 1 1 1
39 0 32768 0 -32.33 148.8 400 0 0 1.8
39 0 32768 0 -76.33 148.8 400 0 0 1.8
46 2555 32768 0 925 72.99 30.23 0 0 1.8
46 2555 32768 0 835.3 69.99 30.23 0 0 1.8
19 0 16470 0 -0.02 12.92 -534.92 32 30 -4
46 0 32768 0 924.9 30 209.03 0 0 1.8
39 0 0 0 392 832 68.5 1 1 1
39 0 16384 0 -1.5 350 -948.6001 1 1 1
39 0 0 0 330 832 68.5 1 1 1
39 0 0 0 270 832 68.5 1 1 1
3A 0 32768 0 -90 0 -110 0 0 0
3A 0 57344 0 702 0 455 0 0 0
3E 0 0 0 520 920 1620 0 0 0
42 0 0 0 -140 155 -196 1 1 1
42 0 0 0 -140 155 -304 1 1 1
1A 2128 61185 83 393.52 556.93 -173.22 19.9 25.9 20
42 0 32768 0 -5 5 -550 1 1 1
42 0 32768 0 -5 5 -650 1 1 1
42 0 32768 0 -5 5 -750 1 1 1
42 0 32768 0 -5 5 -850 1 1 1
42 0 0 0 -175 5 350 1 1 1
42 0 0 0 -175 5 250 1 1 1
49 0 43040 0 171.29 563 469.48 1.5 1.5 1.5
42 0 0 0 -175 5 50 1 1 1
42 0 55296 0 255.55 255 -443.67 1 1 1
47 65192 8230 255 384.26 -15.74 -725.32 6 21 1
42 0 0 0 -175 5 -850 1 1 1
42 0 47104 0 457.48 255 -483.83 1 1 1
42 0 43008 0 554.45 255 -443.67 1 1 1
42 0 38912 0 628.67 255 -369.45 1 1 1
42 0 0 0 -175 5 -750 1 1 1
42 0 0 0 -175 5 -650 1 1 1
1 0 65177 0 -94.56 5.22 -598.86 4 16 1
43 0 4096 0 661.02 255 -320.43 1 1 1
43 0 20480 0 305.07 255 -475.52 1 1 1
46 0 61440 0 -149.7 0 -800.49 0 0 0
43 0 12288 0 515.17 255 -471.69 1 1 1
43 0 8192 0 603.14 255 -410.57 1 1 1
43 0 4096 0 661.02 255 -320.43 1 1 1
43 0 0 0 -140 155 -245 1 1 1
43 0 0 0 -140 155 -37 1 1 1
43 0 49152 0 -38 155 -460 1 1 1
43 0 20480 0 304.57 255 -476.02 1 1 1
53 0 49152 0 -161.3 0 -526.18 2 2 2
4B 61397 22452 24804 -0.26 806.14 193.06 1 1 1
4B 3662 13936 30967 -100.48 550.08 364.81 1 1 1
4B 63341 20064 24928 -31.55 813.59 246.91 1 1 1
4B 1453 15566 33802 -144.95 484.12 59.37 1 1 1
4B 656 15435 25602 -39.17 815.93 309.05 1 1 1
4B 2383 15104 32019 -127.17 517.9 245.43 1 1 1
4B 1646 15542 33197 -140.6 493.75 121.83 1 1 1
4B 2106 15239 32617 -135.03 504.87 183.94 1 1 1
4B 57979 31135 29111 51.23 793.65 161.14 1 1 1
4B 3067 14433 31490 -116.33 532.75 306.02 1 1 1
4B 59484 5926 26145 161.33 656.66 561.5 1 1 1
4B 4898 10752 32397 -76.19 570.64 419.33 1 1 1
4B 62786 51543 38981 222.41 721.25 292.17 1 1 1
4B 5082 64500 37209 17.22 620.5 476.99 1 1 1
4B 4009 62185 37793 74.93 642.82 465.14 1 1 1
4B 1446 57751 38357 173.92 681.33 398.24 1 1 1
F 0 36336 0 -300.68 310 -183.25 3 2 0
4B 18 16384 32905 520 899.95 1604.65 1 1 1
4B 2376 32023 28104 101.04 253.23 -687.23 1 1 1
4B 5164 7393 34153 -37.32 595.16 462.09 1 1 1
4B 64888 54535 38870 208.88 700.5 349.45 1 1 1
4B 58203 6222 26372 191.93 608.66 589.23 1 1 1
4B 228 15892 39519 748.24 81.58 -852.05 1 1 1
4B 63622 13948 39192 736.13 80.93 -913.65 1 1 1
4B 797 30552 27389 -9.08 313.16 -670.13 1 1 1
4B 6593 32884 29806 394.71 136.32 -691.86 1 1 1
4B 6098 23495 37739 697.98 92.2 -741.78 1 1 1
4B 7888 32254 31440 518.69 110.72 -693.44 1 1 1
4B 7928 29107 34481 642.91 97.32 -712.15 1 1 1
4B 8005 30760 33104 581.26 102.93 -699.16 1 1 1
4B 7441 32632 30777 456.36 121.84 -691.83 1 1 1
4B 92 16382 33043 520 899.73 1541.3 1 1 1
4B 339 16371 33183 520 898.66 1477.97 1 1 1
4B 4891 32737 28838 274.42 175.9 -692.77 1 1 1
4B 5741 32879 29418 334.07 154.6 -692.43 1 1 1
4B 3211 32269 28294 157.94 225.63 -690.75 1 1 1
4B 4047 32619 28634 215.78 199.85 -692.33 1 1 1
4B 895 17293 28271 -151.62 439.53 -381.54 1 1 1
4B 65515 0 32768 -73.3 152.03 -999.95 1 1 1
4B 1470 25151 26883 -101.69 376.8 -616.04 1 1 1
4B 1573 31220 27725 45.14 282.35 -681.08 1 1 1
4B 4258 20432 38867 736.66 86.16 -790.65 1 1 1
4B 991 27561 26822 -60.04 345.29 -651.14 1 1 1
4B 56815 7231 27009 299.63 405.5 695.58 1 1 1
4B 910 16500 29870 -154.07 457.07 -192.35 1 1 1
4B 1574 20246 27316 -128.78 402.61 -565.63 1 1 1
4B 59124 2233 31976 589.44 108.71 -1018.92 1 1 1
4B 1431 18888 27693 -141.59 419.73 -506.13 1 1 1
4B 807 16912 28510 -153.54 445.98 -318.56 1 1 1
4B 57545 7908 27583 351.17 305.81 754.29 1 1 1
4B 57100 7491 27184 325.3 355.03 723.99 1 1 1
4B 59220 45645 38093 205.63 742.07 235.91 1 1 1
4B 987 16283 31251 -152.95 462.72 -129.26 1 1 1
4B 1110 16002 32635 -151.06 468.92 -66.25 1 1 1
4B 58249 8516 28248 377.61 258.81 787.49 1 1 1
4B 6726 12345 34995 483.48 205.48 977.98 1 1 1
4B 9827 12413 36180 504.28 301.61 1056.74 1 1 1
4B 59153 9135 28977 405.14 216.35 825.47 1 1 1
4B 1144 15764 34020 -148.43 475.89 -3.34 1 1 1
4B 60109 64293 30726 465.24 130.58 -1018.93 1 1 1
4B 62513 65363 32499 150.07 149.9 -999.16 1 1 1
4B 62256 10679 31085 434.28 184.79 871.51 1 1 1
4B 64562 7265 27374 51.97 775.27 462.85 1 1 1
4B 62010 65257 32389 213.39 148.43 -1000.37 1 1 1
4B 61518 64912 32028 276.67 146.3 -1002.53 1 1 1
4B 61030 64654 31722 339.79 142.88 -1006.51 1 1 1
1A 2128 15473 83 153.93 552.93 -45.87 19.9 25.9 20
4B 10532 12476 36400 509.87 355.62 1089.29 1 1 1
4B 59593 282 30951 527.62 120.79 -1023.78 1 1 1
4B 59549 6802 34818 648.49 96.67 -1000.22 1 1 1
4B 11059 12600 36503 513.8 411.14 1119.54 1 1 1
4B 5526 16054 33421 520 888.53 1415.72 1 1 1
4B 60147 9339 36629 699.14 86.83 -964.04 1 1 1
4B 62493 6153 26516 91.16 741.5 499.24 1 1 1
4B 7843 15725 33731 520 852.52 1364.04 1 1 1
4B 361 11606 32511 463.04 176.93 926.18 1 1 1
4B 10255 15115 34289 520 804.87 1322.52 1 1 1
4B 10855 14700 34714 520 751.26 1288.81 1 1 1
4B 8638 12414 35693 496.08 250.4 1020.41 1 1 1
4B 11456 13097 36177 518.18 524.56 1175.79 1 1 1
4B 11378 14196 35209 519.97 695.63 1258.53 1 1 1
4B 11556 13768 35610 519.79 638.9 1230.34 1 1 1
4B 11557 13382 35931 519.27 581.76 1203.01 1 1 1
4B 58411 42853 36515 165.42 760.88 191.23 1 1 1
4B 11191 12826 36301 516.5 467.56 1148.2 1 1 1
4B 64146 42 32696 23.39 151.36 -999.57 1 1 1
4B 1016 17615 28022 -148.16 431.43 -444.27 1 1 1
4B 57007 6777 26827 220.47 558.79 615.89 1 1 1
4B 1545 12434 26883 -22.55 812.81 369.39 1 1 1
4B 65174 0 32768 -39.96 151.85 -999.75 1 1 1
4B 63226 65508 32638 86.73 150.53 -999.16 1 1 1
4B 61090 6037 26522 127.78 701.36 531.75 1 1 1
4B 57215 36119 32430 111.58 777.88 163.88 1 1 1
4B 478 8294 27301 12.01 799.55 420.31 1 1 1
4B 0 16384 32768 520 900 1668 1 1 1
4D 0 0 0 381 -10.9 -683.5 1 1 1
41 0 21872 0 318.37 100 569.47 2 2 2
46 0 61440 0 -149.7 0 297.51 0.2 0 0
0 0 0 0 -170 150 -1000 1 1 1
0 0 0 0 -170 140 -1000 1 1 1
0 0 0 0 -170 130 -1000 1 1 1
0 0 0 0 -170 120 -1000 1 1 1
0 0 0 0 -170 110 -1000 1 1 1
0 0 0 0 -170 100 -1000 1 1 1
0 0 0 0 -170 90 -1000 1 1 1
0 0 0 0 -170 80 -1000 1 1 1
0 0 0 0 -170 70 -1000 1 1 1
0 0 0 0 -170 60 -1000 1 1 1
0 0 0 0 -170 50 -1000 1 1 1
0 0 0 0 -170 40 -1000 1 1 1
0 0 0 0 -170 30 -1000 1 1 1
0 0 0 0 -170 20 -1000 1 1 1
0 0 0 0 -170 10 -1000 1 1 1
38 0 21955 65535 -49.56 294.4 -370.16 -501 1011 11
45 0 32768 0 -299.71 734 -364.39 0 0 0
45 0 32768 0 -299.71 734 -184.09 0 0 0
45 0 32768 0 209.78 1276.59 -99.9 0 0 0
45 0 32768 0 448.98 1276.59 -99.9 0 0 0
45 0 32768 0 489.05 1201.59 70.41 0 0 0
38 0 21955 65535 -50.17 294.4 -344.16 -501 1011 11
45 0 32768 0 109.78 1055.19 279.73 0 0 0
45 0 32768 0 125.19 882.18 -270.18 0 0 0
45 0 32768 0 117.04 719.98 781.11 0 0 0
21 0 16339 0 877.6 33.81 103.17 -1 -1 -1
43 0 16384 0 410.5 255 -494.5 1 1 1
5 9422 18231 1300 134.76 760.29 107.57 0 3 0
4C 0 22528 0 -113.73 52.1 732.56 2 2 2
D 1 53248 0 77.87 549.77 423.55 1 1 0
39 0 26565 0 537.01 107.49 -461.26 0 11 0
54 0 49152 0 -19 0 -626.18 2 2 2
54 0 49152 0 -19 0 -776.18 2 2 2
53 0 49152 0 -161.3 0 -726.18 2 2 2
53 0 49152 0 -161.3 0 -676.18 2 2 2
53 0 49152 0 -19.4 0 -874.18 2 2 2
53 0 49152 0 -161.3 0 -874.18 2 2 2
42 0 16192 0 -92.69 151 -35.02 1 2 1
19 0 40895 0 477.07 122 775.5 0.8 16 11
53 0 49152 0 -19 0 -526.18 2 2 2
54 0 49152 0 -161.3 0 -826.18 2 2 2
53 0 49152 0 -19 0 -676.18 2 2 2
1 0 10202 0 456.09 521.42 -184.48 3 20 0
53 0 49152 0 -19 0 -576.18 2 2 2
54 0 49152 0 -19 0 -726.18 2 2 2
47 0 49152 0 -99.6 -10 571.09 2 2 2
47 0 49152 0 -95.13 -10 484.75 2 2 2
19 0 38802 0 479.65 634 141.68 -4 7 0
42 0 0 0 -175 5 -550 1 1 1
53 0 49152 0 -161.3 0 373.82 2 2 2
53 0 49152 0 -161.3 0 123.82 2 2 2
53 0 49152 0 -161.3 0 173.82 2 2 2
53 0 49152 0 -161.3 0 223.82 2 2 2
53 0 49152 0 -161.3 0 273.82 2 2 2
54 0 49152 0 -161.3 0 23.82 2 2 2
53 0 49152 0 -161.3 0 73.82 2 2 2
53 0 49152 0 -19.87 0 374.4 2 2 2
53 0 49152 0 -18.8 0 73.82 2 2 2
54 0 49152 0 -161.3 0 323.82 2 2 2
53 0 49152 0 -18.8 0 173.82 2 2 2
53 0 49152 0 -18.8 0 223.82 2 2 2
54 0 49152 0 -18.8 0 123.82 2 2 2
53 0 49152 0 -18.8 0 323.82 2 2 2
54 0 49152 0 -18.8 0 273.82 2 2 2
21 29038 51200 0 206.0533 5.89 -972.96 1 1 1
52 0 16384 0 827.97 0 232.16 1.5 1.5 1.5
53 0 8640 0 848.96 0 403.25 2 2 2
53 0 8640 0 957.3 0 280.03 2 2 2
53 0 8640 0 903.16 0 343.23 2 2 2
1B 0 717 0 -91.62 26.02 398.87 96 33 36
53 0 8240 0 750.33 0 306.63 2 2 2
4C 512 768 0 317.64 52.1 676.42 2.2 2 2
53 0 8368 0 798.84 0 255.79 2 2 2
4C 0 41216 0 437.49 52.1 833.37 2 2 2
1 64992 13961 0 -93.09 -2.84 484.27 4 10 1
4C 0 18432 0 -160.69 52.1 474.96 2 2 2
4C 0 18432 0 -142.79 52.1 604.76 2 2 2
10 0 4224 0 164.42 403.8 594.07 1 55.2 210
47 0 49152 0 -42.79 -10 669.23 2 2 2
4C 0 26624 0 -38.43 52.1 839.66 2 2 2
4C 0 34816 0 200.63 52.1 933.53 2 2 2
4C 0 38912 0 328.95 52.1 906.15 2 2 2
4C 0 55040 0 44.04 52.1 555.92 2 2 2
47 0 49152 0 -16.92 -10 587.83 2 2 2
4C 512 63488 0 213.34 52.1 668.72 2.2 2 2
52 0 16384 0 930.97 0 231.2 1.5 1.5 1.5
10 0 25261 255 372.47 317.02 -363.36 6 19 1
21 0 16339 0 881.68 38.81 85.38 -1 -1 -1
1A 2128 7281 83 221.76 546.93 -146.84 19.9 25.9 20
C 0 0 0 333.03 668.9 -6.3 3 0 0
5 12544 15066 65280 110.29 649.03 74.72 0 0 0
39 0 0 0 409.71 724.6 69.2 1.5 1.5 1.5
46 0 32768 0 835.1 30 208.83 0 0 1.8
39 0 4096 0 188.8 722.6 110.89 1.5 1.5 1.5
39 0 61440 0 472.66 722.6 111.58 1.5 1.5 1.5
39 0 0 0 249.31 724.6 69.2 1.5 1.5 1.5
38 0 12560 0 630.51 100 317.59 -500 0 0
39 0 22458 0 654.18 107.49 -340.9 0 11 0
51 0 20420 0 173.63 400 -302.1 1.5 1.5 1.5
46 0 0 0 259.93 691 113.98 1.5 1.5 1.5
19 0 16470 0 -0.72 12.92 -616.67 32 30 -4
38 0 16504 0 -124.58 0 -731.33 -500 0 0
6 0 16230 2304 16.5 0 -429.62 0 2 230
53 0 16384 0 20.67 0 -564.43 2 2 2
45 0 32768 0 169.05 1201.59 70.41 0 0 0
41 0 32768 0 74.99 0 -401.54 2 2 2
4B 60580 64270 31078 402.69 137.93 -1012.21 1 1 1
42 0 6128 0 29.21 230 714.78 1 1 1
1 2811 32378 0 603.74 148.99 108.27 4 21 0
43 0 1808 0 -33.01 230 494.22 1 1 1
43 0 2032 0 0.93 230 674.91 1 1 1
43 0 1920 0 -16.35 230 584.91 1 1 1
43 0 976 0 -44.77 230 403.91 1 1 1
42 0 1952 0 -24.26 230 534.16 1 1 1
42 0 1952 0 -6.95 230 624.85 1 1 1
43 0 21040 0 282.13 230 785.15 1 1 1
42 0 18512 0 232.86 230 796.29 1 1 1
43 0 14128 0 191.6 230 805.13 1 1 1
42 0 22768 0 322.04 230 756.2 1 1 1
43 0 23216 0 370.04 230 723.09 1 1 1
4B 56690 7253 27106 273.82 456.66 668.56 1 1 1
39 0 53220 0 83.5 428 -252 1 1 1
4C 0 32740 0 329.93 436.2 -219.72 1 1 1
48 0 53263 0 559.25 395.51 -194.2 1 1 1
4C 0 42980 0 135.29 436.2 -96.9 1 1 1
19 0 16470 0 -3.2 12.92 -778.67 32 30 -4
52 0 29412 0 180.9 400 -258.42 1.5 1.5 1.5
19 0 16470 0 -2.01 12.92 -695.65 32 30 -4
52 0 28644 0 108.42 400 -214.9 1.5 1.5 1.5
38 0 12560 0 682.07 100 381.08 0 0 0
48 0 61203 0 588.42 318.98 422.68 0 0 0
9 0 164 33024 879.98 66 -187.39 14.7 1 -100
53 0 49152 0 -161.3 0 -776.18 2 2 2
F 0 54402 0 -51.71 0.01 -1034.34 2 0 0
38 0 31939 65535 -116.34 300 -378.79 -501 1001 11
18 0 49152 0 -34.04 21 -0.77 -4 25 2
3 2 49408 0 559.16 517 159.85 100 0 11
49 0 51248 0 322.6 554.6 506.11 1.5 1.5 1.5
10 0 38288 0 967.21 93.39 -106.72 2 0 0
18 2555 48946 0 535.71 134.71 220.57 -5 19 0
38 0 12560 0 558.74 100 334.54 -400 0 0
1A 1 30544 0 387.45 518.1 -242.88 50 20 0
3D 0 32768 0 -90 0 -490 4 0 0
1A 1 22608 0 538.78 518.1 -130.72 50 20 0
38 0 12560 0 618.77 100 325.04 -500 0 0
46 4836 0 0 259.93 670.51 179.68 0 0 1.8
46 0 4096 0 -29.7 0 -600.49 0 0 0
18 2555 48946 0 675.76 215.71 -64.87 -5 19 0
18 16 49152 0 -183.52 21 -12.15 11.31 25 2
47 0 49152 0 50.42 -10 717.56 2 2 2
38 0 16504 0 -111.31 0 -730.73 -500 0 0
21 0 16339 0 878.49 20.81 147.29 -1 -1 -1
38 0 16504 0 -53.25 0 -719.9 -500 0 0
F 0 34869 0 -162.02 0 -579.3 4 0 0
7 1170 9 0 78.26 77.33 166.75 14 12 0
1 65192 8230 255 356.51 4.26 -572.2 6 21 1
48 0 53263 0 -9.91 458.51 247.19 1 1 1
1A 2128 16497 83 147.44 552.93 47.71 19.9 25.9 20
48 0 53263 0 -23.5 412.51 125.31 1 1 1
3D 0 57344 0 437 0 720 4 0 0
42 0 7936 0 460.01 100 743.1 0 0 0
15 65192 8230 255 721.65 49.26 -359.32 34 1 0
1 3344 65235 0 878.71 25.99 122.03 3 13 0
F 0 14740 0 709.47 -0.11 -535.84 4 1 0
F 0 14740 0 703.07 -0.11 -511.7 4 1 0
F 0 14740 0 688.49 -0.11 -532.23 4 1 0
15 0 65177 0 -88.23 0 -923.51 0 0 0
1 65192 8230 255 683.27 56.26 -398.33 3 21 0
1A 0 48429 0 -356.04 320.34 -369.86 16 10 0
21 63225 23690 175 109.5789 3.76 -461.6183 1.000001 1.000001 1.000001
A 0 32897 2868 -102.15 350.18 -183.74 41 0.7 0
1 65192 8230 255 82.57 4.26 -758.75 6 21 1
10 0 48387 0 685.65 159.6 383.72 1 0.5 0
39 0 32768 0 405.23 107.49 -498 0 11 0
47 65192 8230 255 468.56 -15.74 -766.78 6 21 1
1 65192 8230 255 474.02 -111.74 -745.35 6 21 1
1A 1 18256 0 573.37 518.1 -45.38 50 20 0
43 0 7936 0 424.76 100 709.69 0 0 0
42 0 51200 0 352.52 255 -483.83 1 1 1
47 65192 8230 255 409.21 -15.74 -814.83 6 21 1
5 58574 13301 62740 111.76 687.81 181.23 0 2 0
42 0 0 0 -140 155 -96 1 1 1
1 0 24625 0 -69.55 6.03 307.91 6 20 1
20 0 39957 0 310.11 0 729.57 0 -1 34
1A 2128 9585 83 190.23 552.93 -115.68 19.9 25.9 20
1A 2128 15729 83 148.45 552.93 7.11 19.9 25.9 20
21 0 21955 65535 -111.94 322.8 -366.16 0.9999957 1.000004 1
15 0 16369 0 175.14 0 763.82 0 0 0
1A 2128 4721 83 260.09 556.93 -170.74 19.9 25.9 20
53 0 7936 0 513.66 100 746.11 0 0 0
1A 2128 65057 83 356.82 556.93 -180.54 19.9 25.9 20
53 0 49152 0 -19 0 -826.18 2 2 2
1 0 178 0 -28.7 194.99 -236.61 3.01 12 0
1A 2128 625 83 306.91 556.93 -181.15 19.9 25.9 20
42 0 1728 0 -40.37 230 443.52 1 1 1
1 3328 32677 0 605.31 369.5 124.44 7 20 0
17 2777 38201 0 673.85 109.89 240.93 0.8 20 0
0 0 33498 0 383.93 406 -228.17 1 1 1
38 0 21955 65535 370.23 250 -370.12 -501 1011 11
0 0 33498 0 348.68 406 -235.5 1 1 1
0 0 33498 0 330.08 406 -239.37 1 1 1
4C 0 38884 0 216.49 436.2 -183.62 1 1 1
A 2273 48387 0 606.42 110.6 237.14 41 0.7 0
A 2273 48387 0 576.44 110.6 236.25 41 0.5 0
38 0 12560 0 565.9 100 324 -400 0 0
42 0 16033 0 61.3 399.71 -3.05 1 1 1
1B 0 47510 0 89.54 57 730.06 171 66.09 210
56 0 0 0 585 300 525 -1 0 0
53 0 8192 0 665.12 100 591.74 0 0 0
1A 2128 16305 83 573.37 536.93 123.1 45.9 25.9 -3
1A 2128 11121 83 167.9 552.93 -81.9 19.9 25.9 20
F 0 53906 0 446.45 620 160.82 2 0 0
42 0 41360 0 69.53 499 238.82 1.5 1.5 1.5
1 0 35239 0 32.66 514.26 350.79 2 11 0
17 0 32776 0 481.06 652 142.49 0.8 7 11
48 0 53263 0 -21.08 479.51 319.35 1 1 1
0 0 33498 0 366.3 406 -231.84 1 1 1
7 1170 9 0 41.26 77.33 166.75 14 12 0
1A 0 58273 0 -104.94 400 0.32 0 0 0
1 64992 13961 0 271.85 5.12 779.33 6 20 1
1A 2128 26369 83 162.31 599.93 442.55 19.9 25.9 20
7 62610 9 0 67.46 81.23 280.35 10 12 0
1A 1 46928 0 90.13 518.1 -60.16 50 20 0
7 62610 9 0 26.46 81.23 280.35 10 12 0
7 62610 9 0 47.46 81.23 280.35 10 12 0
46 4096 49152 0 453.92 250 -337 0 -1 0
56 0 0 0 655 340 370 -2 0 0
1B 0 47510 0 55.36 57 659.95 223.1 66.09 260
1 65192 16422 255 68.37 4.26 -430.86 2 21 0
18 0 15067 0 745.62 7.1 -411.68 23 21 0
19 0 36733 0 821.23 83 -351.85 27 30 0
1 0 18923 0 284.06 521.42 -217.41 3 20 0
1A 1 35152 0 294.29 518.1 -245.79 50 20 0
49 0 32768 0 146.09 574.1 165.01 1.5 1.5 1.5
46 4836 0 0 400.13 670.51 179.68 0 0 1.8
1A 2128 31233 83 253.19 611.93 462.27 19.9 25.9 20
1 0 49319 0 -10.69 476.26 245.15 4 11 1
7 1170 9 0 22.26 77.33 166.75 14 12 0
F 0 53906 0 426.48 620 161.95 2 0 0
42 0 0 0 -140 155 -404 1 1 1
5 0 1905 7424 823.8 230.69 -187.55 40 1 0
56 0 0 0 449 270 610 1 0 0
15 0 30748 0 102.92 399.99 -94.34 0 0 0
48 0 61203 0 366.28 240.98 590.74 0 0 0
7 62610 9 0 106.76 81.23 280.35 10 12 0
1A 1 38480 0 208.69 518.1 -209.95 50 20 0
1E 65440 8745 79 -2.73 -8.43 703.43 0 0 0
4A 0 0 0 880 135 -187 0 0 0
9 0 164 33024 879.98 66 -187.39 20.7 1 -100
4B 820 16776 28740 -154.25 451.63 -255.46 1 1 1
10 0 48387 0 616.04 140.6 536.35 2 0.5 0
47 65192 8230 255 483.25 -15.74 -842.53 6 21 1
53 0 1024 0 33.91 0 -465.1 2 2 2
1 65192 8230 255 211.74 4.26 -946.48 6 21 1
19 0 16566 0 -2.8 -0.08 -450.96 32 30 0
1 65192 8230 255 319.19 -111.74 -761.87 6 21 1
1 0 16562 0 -30.61 160.99 -428.66 2.01 12 0
21 20856 764 0 558.73 123.02 327.69 1 1 1
5 0 15066 0 102.07 512.03 74.43 0 2 0
5 54478 41253 58644 120.06 869.64 259.76 0 3 0
53 0 16384 0 20.67 0 -494.43 2 2 2
1 0 26603 0 153.16 521.42 -138.28 3 20 0
5 11470 22355 60692 186.39 940.39 103.48 200 1 0
21 9591 22368 0 234.711 5.89 -968.7466 1 1 1
19 0 32345 0 -86.57 160 -35.92 51 22 -6
18 0 6366 9517 125.16 631.59 358.3 11.9 42.1 1
1 0 178 0 -44.26 186.99 -286.1 3.01 12 0
1 0 178 0 -69.41 172.99 -329.24 3.01 12 0
A 2555 17731 0 604.44 185.15 -55.54 41 1 0
A 2555 17731 0 634.44 185.15 -55.54 41 0.5 0
A 2555 17731 0 574.44 185.15 -55.54 41 0.5 0
38 0 31939 65535 -180.11 306 -361.66 -501 1001 11
21 23453 49152 0 31.55297 223 -37.53899 1 1 1
18 0 22391 0 878.37 268.36 -185.99 1.5 42.5 1.5
51 0 20452 0 156.91 400 -222.51 1.5 1.5 1.5
46 0 4096 0 -29.7 0 147.51 0.2 0 0
5 8176 53846 61440 -86.75 400.99 7.92 60 1.7 0
46 0 61440 0 -149.7 0 147.51 0.2 0 0
1A 1 42832 0 129.48 518.1 -148.75 50 20 0
1A 1 26704 0 469.06 518.1 -203.46 50 20 0
54 0 49152 0 -161.3 0 -576.18 2 2 2
46 0 4096 0 -29.7 0 297.51 0.2 0 0
19 0 16566 0 -1.25 -0.08 -373.93 32 30 0
7 1170 9 0 60.26 77.33 166.75 14 12 0
1 0 63893 0 573.76 106.02 409.9 2 20 0
42 0 0 0 -175 5 150 1 1 1
53 0 49152 0 -161.3 0 -626.18 2 2 2
54 65024 24832 0 397.14 100 691.46 0 0 0
3 2 49408 0 557.3 517 276.75 100 0 11
7 1170 9 0 96.26 77.33 166.75 14 12 0
7 1170 9 0 114.26 77.33 166.75 14 12 0
49 0 39168 0 92.83 534 414.9 1.5 1.5 1.5
7 62610 9 0 87.36 81.23 280.35 10 12 0
19 0 65462 0 106.22 257.92 -363.8 23 10 23
18 0 53906 0 403 634 137.26 -4 7 0
19 0 40895 0 428.63 122 728.3 0.8 16 11
43 0 0 0 -140 155 -453 1 1 1
3 1 6144 0 102.88 516.25 468.06 100 0 10
3 1 2304 0 193.95 517 524.81 100 0 10
3 1 63488 0 295.33 517 544.48 100 0 10
19 1 25168 0 54.85 674.1 222.93 20 47 -6.2
49 0 55376 0 434.57 536.7 468.36 1.5 1.5 1.5
3 2 55552 0 479.27 517 466.18 100 0 21
3 2 51200 0 538.04 517 379.33 100 0 21
1 65192 8230 255 123.77 4.26 -532.65 6 21 1
46 0 61440 0 -149.7 0 -600.49 0 0 0
4C 0 30720 0 71.97 52.1 910.16 2 2 2
54 0 8192 0 589.46 100 669.03 0 0 0
21 3984 18027 0 621.39 123.02 321.89 1 1 1
52 0 8192 0 811.14 100 439.76 0 0 0
53 0 8192 0 741.29 100 516.62 0 0 0
54 0 24320 0 680.4 100 297.92 0 0 0
53 0 24576 0 754.9 100 377.11 0 0 0
53 0 20736 0 360.71 100 635.44 0 0 0
43 0 7936 0 497.14 100 785.91 0 0 0
53 0 30464 0 310.16 250 -221.92 0 -1 0
46 4096 53248 0 356.69 250 -335.97 0 -1 0
54 0 26880 0 447.52 250 -174.84 0 -1 0
A 2273 48387 0 636.41 110.6 238.04 41 0.5 0
53 0 30208 0 377.34 250 -205.45 0 -1 0
54 65280 22784 0 504.92 250 -117.02 0 -1 0
38 0 30147 65535 66.02 200 -34.19 -401 1011 11
1A 0 49057 0 -114.16 400 -12.63 0 0 0
1A 0 40865 0 -107.54 400 -29.56 0 0 0
42 0 49152 0 -87 155 -460 1 1 1
4B 2591 58968 38469 128.11 662.62 437.56 1 1 1
20 0 24625 0 -93.91 -0.17 348.4 0 1099 34
1A 2128 22273 83 102.49 599.93 357.96 19.9 25.9 20
1A 2128 30465 83 201.73 599.93 459.33 19.9 25.9 20
1A 2128 33281 83 307.07 611.93 464.17 19.9 25.9 20
1A 2128 35329 83 356.8 599.93 449.72 19.9 25.9 20
1A 2128 38657 83 396.75 599.93 430.59 19.9 25.9 20
10 0 48801 0 -24.25 425.3 125.35 6 0 0
1A 2128 43009 83 433.69 599.93 415.7 19.9 25.9 20
1A 2128 43009 83 464.12 599.93 369.66 19.9 25.9 20
1A 2128 46337 83 485.75 599.93 325.51 19.9 25.9 20
1A 2128 47361 83 496.87 599.93 270.66 19.9 25.9 20
1A 2128 49921 83 497.3 599.93 215.15 19.9 25.9 20
1A 2128 49921 83 494.23 599.93 154.9 19.9 25.9 20
1A 2128 49921 83 488.39 599.93 99.31 19.9 25.9 20
1A 2128 41473 83 508.84 566.93 78.65 19.9 25.9 20
1A 2128 49665 83 520.11 566.93 48.41 19.9 25.9 20
1A 2128 49665 83 519.81 556.93 -3.75 19.9 25.9 20
1A 2128 53761 83 516.73 556.93 -44.54 19.9 25.9 20
D 1 53248 0 444.39 552.46 474.37 1 2 0
1A 2128 54529 83 498.89 556.93 -78.08 19.9 25.9 20
1A 2128 60161 83 438.55 556.93 -147.21 19.9 25.9 20
1A 2128 22273 83 134.28 599.93 408.82 19.9 25.9 20
1A 2128 59905 83 113.64 521.93 500.4 25.9 25.9 -3
1A 2128 63489 83 220.38 521.93 551.85 45.9 25.9 -3
1A 2128 1857 83 333.97 521.93 556.55 45.9 25.9 -3
1A 2128 6465 83 433.98 521.93 523.77 45.9 25.9 -3
1A 2128 10049 83 523.39 521.93 437.97 45.9 25.9 -3
1A 2128 14401 83 565.69 536.93 345.36 45.9 25.9 -3
1A 2128 16193 83 571.4 536.93 268.68 45.9 25.9 -3
1A 2128 16305 83 575.87 536.93 187.05 45.9 25.9 -3
20 0 44920 0 327.81 670.2 105.67 0 0 0
1B 0 47510 0 401.02 45 770.99 171 55.2 210
4C 512 59392 0 118.14 52.1 628.72 2.2 2 2
10 0 38288 0 767 82.39 -129.81 2 0 0
10 0 38288 0 763.9 81.39 -221.39 2 0 0
9 0 164 33024 879.98 66 -187.39 26.7 1 -100
10 0 38288 0 965.93 93.39 -284.82 2 0 0
19 0 28477 0 948.65 83 -345.87 23 28 0
19 0 24413 0 1002.85 83 -311.35 23 30 0
19 0 20573 0 1041.46 83 -255.75 23 30 0
19 0 16477 0 1054.38 83 -189.64 23 30 0
19 0 12637 0 1043.86 83 -125.26 27 30 0
19 0 8541 0 1007.15 83 -66.91 27 30 0
19 0 4189 0 953.11 83 -29.01 27 30 0
19 0 61533 0 807.61 83 -29.33 27 30 0
19 0 57181 0 756.31 83 -62.79 27 30 0
19 0 53341 0 717.8 83 -119.27 27 30 0
19 0 49245 0 703.66 83 -186.88 27 30 0
19 0 45149 0 714.86 83 -246.09 27 30 0
19 0 32861 0 879.6 83 -360.27 27 30 0
18 0 32771 0 -10.9 21.99 -501.62 0 22 0
1A 0 417 0 -297.6 328 -136.48 22 20 0
4C 0 51200 0 1.61 52.1 461.56 2 2 2
21 3984 57667 0 -119.9 22.58 -737.66 1 0.9999999 1
18 2555 48946 0 537.03 215.71 -67.22 -5 19 0
46 4836 0 0 400.13 642.21 236.38 0 0 1.8
46 4836 0 0 259.93 642.21 236.38 0 0 1.8
1E 65440 8745 79 -79.09 -8.43 625.06 0 0 0
10 0 38288 0 990.39 87.39 -212.64 5 0 0
18 0 57215 0 -149.09 7 -1055.07 0 0 0
10 65192 8230 255 314.77 66.26 -591 4 21 1
F 0 53906 0 466.41 620 159.69 2 0 0
38 0 30147 65535 49.02 200 -34.19 -401 1011 11
38 0 8192 0 611.88 100 536.32 0 0 0
38 0 12560 0 554 100 323.11 -400 0 0
54 0 16384 0 20.67 0 -634.43 2 2 2
38 0 16384 0 75.63 0 -535.65 2 2 2
38 0 16384 0 307.76 0 -586.92 -498 2 2
38 0 16384 0 316.83 0 -578.1 -498 2 2
20 0 39957 0 347.55 0 795.28 0 -1 34
38 0 16384 0 326 0 -586.77 -518 2 2
38 0 16384 0 59.59 0 -534.31 2 2 2
38 0 16384 0 66.79 0 -548.71 2 2 2
38 0 16384 0 316.35 0 -596.16 -498 2 2
21 52538 16384 0 220.639 5.89 -933.7722 1 1 1
F 0 34728 0 109.96 200.02 -371.39 4 2 230
21 65393 54272 0 496.8199 5.89 -971.5463 1 1 1
21 55640 58093 0 373.5154 272.01 -360.5446 1 1 1
1E 0 50085 0 69.85 227.89 589.59 0 0 0
21 55636 22543 0 354.2476 676.1 110.4171 1 1 1
38 0 21955 65535 -49.86 294.4 -357.16 -501 1011 11
38 0 31939 65535 -180.11 306 -377.66 -501 1001 11
43 65024 40976 0 215.14 255 -421.7 1 1 1
21 0 44920 0 308.56 676.1 107.27 0 1000 0
39 0 36955 0 108.5 332 -311.5 1 1 1
38 0 30147 65535 20.02 200 -34.19 -401 1011 11
38 0 30147 65535 35.02 200 -34.19 -401 1011 11
43 0 40976 0 211.44 255 -418.1 1 1 1
21 0 16504 0 -60.34 22.7 -729.07 0 1000 0
38 0 16504 0 -119.8 0 -742.86 -500 0 0
38 0 16504 0 -61.74 0 -732.02 -500 0 0
38 0 16504 0 -67.16 0 -721.68 -500 0 0
1 0 17501 0 91.97 212.93 587.85 6 16 1
38 0 12560 0 619.03 100 310.9 -500 0 0
1 0 63893 0 558.76 106.02 409.9 2 20 0
38 0 31939 65535 -116.34 300 -362.79 -501 1001 11
18 0 40924 0 223.85 269.97 -414.89 -3 13 30
21 0 21955 65535 406.95 405 -229.85 30 1011 3
21 0 21955 65535 362.85 253.9 -291.32 30 1011 13
53 0 49152 0 -18.8 0 23.82 2 2 2
38 0 31939 65535 -116.34 300 -347.79 -501 1001 11
38 0 31939 65535 -180.11 306 -345.66 -501 1001 11
38 0 21955 65535 -49.23 294.4 -384.15 -501 1011 11
38 0 21955 65535 368.82 250 -357.66 -501 1011 11
38 0 21955 65535 382.89 250 -364.72 -501 1011 11
1 0 25261 255 359.98 256.02 -293.26 6 19 1
1A 1 49232 0 83.35 518.1 43 50 20 0
1A 1 12112 0 51.55 546.1 255.55 20 20 0
1A 1 20304 0 45.06 546.1 309.49 20 20 0
19 1 25168 0 54.85 560.1 222.93 20 47 -6.2
1A 2128 56065 83 472.42 556.93 -117.69 19.9 25.9 20
17 2777 38201 0 676.88 180.89 -63.04 0.8 20 0
18 0 32771 0 -172.23 21.99 -505.36 0 22 0
1A 0 33441 0 -93.38 400 -37.29 0 0 0
1A 0 33441 0 -27.56 412 -27.33 31 0 0
1A 0 65185 0 -24.51 412 -6.5 31 0 0
1 0 65177 0 -91.94 5.22 -862.9 4 16 1
18 0 57215 0 -29.97 8 -1053.73 0 0 0
18 0 49152 0 -145.41 21 -0.61 -4 25 2
1 64992 13961 0 -15.76 -2.84 587.48 4 10 1
18 0 33502 0 153.33 -106.25 -671.15 0 0 0
18 0 33502 0 114.06 -26.25 -624.02 0 0 0
18 0 33502 0 606.09 -108.25 -666.88 0 0 0
18 0 33502 0 643.99 -28.25 -624.21 0 0 0
19 0 6 0 71.16 88.92 -390.2 43 30 0
18 0 26760 0 154.99 -80.99 -669.6 0.8 30 0
18 0 26760 0 111.83 -34.99 -624.99 0.8 20 0
18 0 26760 0 646.33 -34.99 -623.42 0.8 20 0
17 2777 38201 0 533.7 107.89 223.07 0.8 20 0
17 2777 38201 0 675.67 108.89 222.2 0.8 20 0
19 0 16470 0 -4.05 12.92 -863.65 32 30 -4
19 0 16470 0 -177.56 12.92 -879.74 32 30 -4
18 0 49461 0 -192.12 18.04 -902.6 32 30 -4
18 0 49461 0 -192.12 78.04 -902.6 32 30 -4
18 0 49461 0 -192.12 135.04 -902.6 32 30 -4
18 0 49461 0 -192.12 195.04 -902.6 32 30 -4
17 2777 38201 0 533.52 184.89 -65.45 0.8 20 0
17 2777 38201 0 536.89 184.89 -38.66 0.8 20 0
17 2777 38201 0 537.56 105.89 244.91 0.8 20 0
18 2555 48946 0 672.96 134.71 221.88 -5 19 0
18 2555 48946 0 671.64 112.71 244.97 -5 19 0
18 2555 48946 0 536.35 112.71 245.91 -5 19 0
18 2555 48946 0 532.58 182.71 -41.12 -5 19 0
19 0 40895 0 458.25 122 757.68 0.8 16 11
19 0 21439 0 496.59 104 774.47 -4.2 16 10
19 0 16088 0 79.41 409 -1.15 -7.2 22 56
48 0 53263 0 -20.66 434.51 180.96 1 1 1
48 0 53263 0 25.64 45.51 -992.25 1 1 1
39 0 38853 0 273.41 107.49 -462.12 0 11 0
46 0 0 0 259.93 691 113.98 0 0 1.8
44 0 47792 0 269.63 405.2 534.9 0 0 1.8
39 0 35813 0 156.77 107.49 -401.97 0 11 0
39 0 32757 0 52.15 107.49 -399.6 0 11 0
46 0 4096 0 -29.7 0 -800.49 0 0 0
44 0 38912 0 82.23 405.2 426.81 0 0 1.8
44 0 42752 0 164.32 405.2 502.07 0 0 1.8
4B 56581 7164 27236 247.57 507.89 642.13 1 1 1
46 0 0 0 400.13 691 113.98 0 0 1.8
