3D 0 5 0 157.83 -142.99 -1282.67 260 140 100
14 1 49152 0 -20 -310 -3350 2.1 -194 144
14 0 49152 0 -20 -310 -3370 2.1 -194 144
3C 515 0 16 410.69 -127.99 -593.42 -20 -160 -700
54 0 49152 0 234.24 -170 -1560.66 2.5 0 -79
54 0 0 0 -51.2 -160 -248.8 10 -15 350
54 0 0 0 -52.2 -160 -168.8 10 -15 350
4A 0 0 0 83.09 -159.9 -1605.69 50 0 0
14 0 0 0 0 -160 -1921.5 0 0 0
54 0 0 0 42.8 -160 -248.8 10 -15 350
38 12610 64000 2057 -96.58 -289 -2792.87 99.10002 -21 144
1B 0 0 0 0 -140 -1921.5 0 0 0
4A 0 0 0 -4.29 -159 -1163.04 50 0 0
1B 0 0 0 -20 -140 -1921.5 0 0 0
1B 0 0 0 -20 -160 -1921.5 0 0 0
53 1 12290 0 -237.618 -148 -1598.476 10 120 360
1B 0 0 0 0 -120 -1921.5 0 0 0
1B 0 0 0 -20 -120 -1921.5 0 0 0
1B 0 0 0 20 -120 -1921.5 0 0 0
D 0 65513 0 -207.66 -170 -1598.13 10 0 350
3B 1 20480 4 1758 33 -3277.52 2 -150 20
14 0 16425 0 1923 -290 -7129.92 1 0 0
0 0 49920 0 -181.3028 -163 -1478.631 0 0 0
1B 0 32768 0 1924 -290 -6470.97 1 0 0
8 0 0 0 1923 -270 -6070 0 0 0
1B 0 0 0 1815 -290 -6622.59 1 0 0
3B 1 49152 7 1923.01 -89 -6568.96 2.5 -180 130
1B 0 0 0 2685 -310 -7260 0 0 0
14 1 32768 0 1904 -290 -6470.97 1 0 0
30 0 32768 0 1924 -305.1 -6470.97 20 5 0
4A 0 49152 0 2057.51 -160 -4293.6 0 0 0
3F 0 16384 0 -182 -170 -1490.16 10 -15 350
3B 1 49152 0 87.41265 -1 -1499.908 2.2 -146 120
14 1 32768 0 580.46 -270 -3258.05 0 0 0
19 0 49152 0 892.7 -220 -3277.29 2.5 0 0
3F 0 16384 0 -182 -170 -1455.16 10 -15 350
54 0 16384 0 -139.1 -160 -1092.32 10 -15 350
3F 0 16384 0 -222 -170 -1455.16 10 -15 350
3F 0 16384 0 -182 -170 -1525.16 10 -15 350
14 1 16425 0 1943 -290 -7129.92 1 0 0
0 0 49920 0 -181.3028 -163 -1458.631 0 0 0
14 1 16425 0 1943 -270 -7129.92 1 0 0
14 1 16425 0 1923 -270 -7129.92 1 0 0
7 0 32768 0 12 -220 -2414 7 30 0
14 1 0 0 1835 -290 -6622.59 1 0 0
54 0 49152 0 234.24 -170 -1587.66 2.5 0 -79
38 4226 20505 1544 302.83 -274 -3482.15 -250 -36 114
54 0 49152 0 273.2952 -170 -1614.592 2.5 0 -79
38 20482 24576 1801 2858.65 -274 -7517.61 -450.13 -36 258
38 12290 16384 0 2450 -276 -7310.84 -474.08 56 50
38 5618 16409 1544 412.32 -290 -3375.57 -400 -20 5
A 0 49152 0 863 -220 -3233.5 3 0 0
10 1 33280 65280 1689 -36.5 -3280 0.8 9.1 3.6
1B 0 0 0 1464 -220 -5988 50 0 0
4A 0 32768 0 1506.5 -220 -5938 50 0 0
3C 3 8 80 2018.41 -253 -4788.69 2050 -160 -2814
3B 1 49155 4 1990.32 -159 -4805.71 2.7 0 125
3A 0 49152 0 21.85221 -111 -1792.542 1.5 -30 150
46 0 16384 0 1465 -219.99 -5964.5 0 0 0
43 0 16384 0 1434.4 -220 -5946 50 0 0
1B 0 0 0 1464 -220 -6028 50 0 0
54 0 0 0 -50.2 -160 -288.8 10 -15 350
14 0 49152 0 903 -220 -3287.5 4 0 0
4A 0 0 0 1953.92 -160 -3757.19 0 0 0
3D 0 14599 0 1890.64 -58 -3432.94 100 130 300
40 0 30348 0 1702.672 -159.8 -4308.665 0 0 0
C 0 49152 0 941.23 -112 -3273.92 3 0 0
14 1 32768 0 1944 -290 -6470.97 1 0 0
14 1 0 0 1835 -270 -6622.59 1 0 0
1B 0 0 0 1815 -270 -6622.59 1 0 0
A 0 35137 0 1866.5 -220 -7300 1 0 0
14 1 32768 0 580.46 -290 -3258.05 0 0 0
E 0 9036 0 4320.37 -192 -10139 -0.4 9.7 1
54 0 0 0 -49.2 -160 -328.8 10 -15 350
1 0 0 0 -45 -151 -400.08 30 0 4
7 0 32768 0 -12 -220 -2414 7 30 0
3C 771 61445 16 467.37 -144.99 -1250.07 -20 -160 -900
53 1 29661 0 1921.797 -140 -4397.323 95 80 5
54 0 0 0 35.9 -159.7 -957.32 10 -15 350
54 0 49152 0 275.24 -170 -1560.66 2.5 0 -79
1 0 0 0 -5 -151 -400.08 30 0 4
3C 771 0 16 302.13 -161.99 -563.28 260 -160 -800
3C 1299 6 65520 110 -225 -2773.1 -28 -220 -2392
30 0 0 0 0 -191 -1922.07 25 20 10
3D 2 0 16 -2.05 -192.99 -29.26 200 60 30
40 0 40855 0 215.77 -159.8 -923.69 0 0 0
3C 19 8 80 1915.33 -192 -4820.65 1880 -160 -3894
14 0 49152 0 903 -220 -3267.5 4 0 0
38 12290 16384 0 2450 -276 -7200.84 -474.08 56 -60
14 1 32768 0 580.46 -290 -3298.05 0 0 0
3C 1299 6 65516 -110 -225 -2773.1 35 -220 -2390
14 1 32768 0 580.46 -270 -3298.05 0 0 0
14 1 32768 0 580.46 -270 -3278.05 0 0 0
54 0 0 0 -4 -159.7 -1002.32 10 -15 350
19 0 0 0 14.6 -130 -2030.47 1 0 0
3B 1 30078 4 -2.66 -110 -3216.06 2.1 -194 144
3B 1 30078 4 -4.62 -110 -3127.49 2.1 -194 144
14 1 49152 0 0 -310 -3390 2.1 -194 144
14 0 32768 0 580.46 -290 -3278.05 0 0 0
1B 0 32768 0 1904 -270 -6470.97 1 0 0
1 0 0 0 35 -151 -400.08 30 0 4
4A 0 0 4 2111.51 -169.97 -4348.6 0 0 0
19 0 0 0 -40.55 -160 -1905.33 0 0 0
54 0 0 0 -44.1 -159.7 -957.32 10 -15 350
54 0 16384 0 -140.1 -159.8 -922.32 10 -15 350
54 0 16384 0 -139.1 -160 -952.32 10 -15 350
54 0 16384 0 -179.1 -160 -952.32 10 -15 350
54 0 16384 0 -219.1 -160 -952.32 10 -15 350
54 0 0 0 38.9 -159.7 -874.32 10 -15 350
54 0 16384 0 -222.1 -160 -892.32 10 -15 350
54 0 16384 0 -182.1 -160 -892.32 10 -15 350
54 0 16384 0 -180.1 -159.8 -922.32 10 -15 350
54 0 16384 0 -223.1 -160 -1032.32 10 -15 350
54 0 16384 0 -143.1 -160 -1032.32 10 -15 350
54 0 16384 0 -219.1 -160 -1092.32 10 -15 350
54 0 16384 0 -179.1 -160 -1092.32 10 -15 350
54 0 16384 0 -142.1 -160 -892.32 10 -15 350
54 0 16384 0 -183.1 -160 -1032.32 10 -15 350
54 0 16384 0 -220.1 -159.8 -922.32 10 -15 350
54 0 16384 0 -141.1 -159.7 -1062.32 10 -15 350
4A 0 0 0 0 -170 -1939.64 50 0.6 0
46 0 16384 0 1464 -219.98 -6051.5 0 0 0
3C 771 62469 16 365.84 -175.99 -1193.83 240 -160 -1000
54 0 0 0 36.9 -159.7 -915.32 10 -15 350
54 0 0 0 -4 -159.7 -957.32 10 -15 350
54 0 0 0 -47.1 -159.7 -874.32 10 -15 350
54 0 0 0 -4.1 -159.7 -915.32 10 -15 350
54 0 0 0 -42.1 -159.8 -1002.32 10 -15 350
54 0 0 0 33.9 -159.7 -1002.32 10 -15 350
54 0 0 0 44.8 -160 -128.8 10 -15 350
54 0 0 0 -4.1 -159.7 -874.32 10 -15 350
40 0 40855 0 119.26 -159.8 -1380.91 0 0 0
4A 0 0 0 -16.91 -159.9 -1605.69 50 0 0
4A 0 0 0 16.74 -160 -651.11 50 0 0
14 0 0 0 20 -160 -1921.5 0 0 0
38 12610 1536 2057 100 -289 -2798.98 -99.1 -21 144
2 0 0 16384 825 -214 -3277 35 0 8
1B 0 0 0 1855 -290 -6622.59 1 0 0
4A 0 0 0 -3.21 -160 -355 50 0 0
54 0 49152 0 275.24 -170 -1587.66 2.5 0 -79
53 1 14899 61580 243.7209 -160.6011 -1541.895 110 100 5
4A 0 0 0 243.09 -170 -1539.69 50 0 0
54 0 16384 0 -221.1 -159.7 -1062.32 10 -15 350
53 1 14899 61580 245.8435 -160.6011 -1631.125 110 100 5
3D 0 6 0 6.5 -105 -2165.81 200 140 70
8 0 32768 0 0 -130 -2050 8 30 0
4A 0 16384 0 1436.5 -220 -6008 50 0 0
4A 0 32768 0 1506.5 -220 -6078 50 0 0
3B 1 49152 1 3580.86 141 -8869.55 1.7 -210 140
1B 0 16384 0 1572 -180 -5948 50 0 0
1B 0 16384 0 1572 -180 -6068 50 0 0
1B 0 16384 0 1572 -220 -5948 50 0 0
1B 0 16384 0 1572 -200 -5948 50 0 0
43 0 16384 0 1434.4 -220 -6070 50 0 0
54 0 0 0 1962.92 -159.8 -4295 100 6 0
C 0 17144 0 1915.96 -293 -5771.9 2.1 -245 100
40 0 30348 0 1779.449 -159.8 -3899.965 0 0 0
10 1 32768 64512 3268 -39.5 -7262 0.4 9 4
4A 0 304 0 1882 -160 -4801 0 0 0
53 1 29661 0 1836.383 -140 -4405.629 5 80 360
3F 0 34048 0 2099.03 -102 -3596.29 100 6 0
38 12290 49152 1295 2958.65 -254 -7169.61 -420.07 -56 -92
4A 0 16384 0 1583.5 -220 -6008 50 0 0
54 0 0 0 1962.92 -159.8 -4340 100 6 0
54 0 0 0 1883.02 -159.8 -4341 100 6 0
54 0 0 0 1883.02 -159.8 -4295 100 6 0
54 0 49152 0 2152.92 -159.9 -4294 100 6 0
54 0 0 0 1922.43 -159.7 -4295 100 6 0
54 0 0 0 1962.92 -159.8 -4250 100 6 0
4A 0 304 0 1954 -160 -4606 0 0 0
3F 0 49152 0 2111.03 -102 -3613.29 100 6 0
4A 0 0 0 1921.92 -160 -4157.19 0 0 0
3D 0 14600 0 1899.43 -65 -3718.22 100 130 300
3C 19 2567 80 1565.55 -176 -4824.06 2050 -160 -2814
37 0 13638 3 1917.78 -150 -4471.87 0.6 0.3 10
3C 1299 6 65516 0 -145 -2683.1 30 -220 -2320
4A 0 49152 0 2057.51 -160 -4148.6 0 0 0
4A 0 0 4 2126.51 -169.97 -4222.6 0 0 0
54 0 0 0 1922.43 -159.7 -4250 100 6 0
54 0 49152 0 2152.92 -159.9 -4149 100 6 0
54 0 49152 0 2119.92 -160 -4259 100 6 0
54 0 49152 0 2152.92 -160 -4329 100 6 0
54 0 49152 0 2119.92 -159.8 -4294 100 6 0
54 0 49152 0 2152.92 -160 -4259 100 6 0
54 0 49152 0 2119.92 -160 -4184 100 6 0
54 0 49152 0 2119.92 -160 -4114 100 6 0
54 0 0 0 -4.2 -160 -328.8 10 -15 350
54 0 49152 0 2152.92 -160 -4184 100 6 0
54 0 0 0 40.8 -160 -328.8 10 -15 350
54 0 49152 0 2152.92 -160 -4114 100 6 0
54 0 49152 0 2118.92 -159.8 -4149 100 6 0
54 0 0 0 1922.43 -160 -4340 100 6 0
54 0 49152 0 2119.92 -160 -4329 100 6 0
0 0 49920 0 -181.3028 -163 -1498.631 0 0 0
3F 0 64512 0 2101.03 -102 -3631.29 100 6 0
3F 0 16384 0 -222 -170 -1525.16 10 -15 350
54 0 0 0 1922.43 -159.7 -4340 100 6 0
40 0 30348 0 1736.026 -159.8 -4086.08 0 0 0
1B 0 0 0 1855 -270 -6622.59 1 0 0
40 0 40855 0 175.71 -159.8 -1141.02 0 0 0
3B 1 32776 6 1237.51 -290 -3273.03 3 0 360
0 0 49920 0 -201.3028 -163 -1518.631 0 0 0
1 0 16384 0 1974 -155 -5052 20 0 4
1 0 16384 0 1974 -155 -5092 20 0 4
1 0 16384 0 1974 -155 -5072 20 0 4
37 0 13638 3 1922.1 -150 -4686.41 0.6 0.3 10
3A 0 49155 4 1920.94 -117 -5276.39 1.01 20 410
1B 0 32768 0 1944 -270 -6470.97 1 0 0
14 1 32768 0 1924 -270 -6470.97 1 0 0
1B 0 0 0 2685 -310 -7280 0 0 0
54 0 0 0 -45.1 -159.7 -915.32 10 -15 350
54 0 0 0 -4.2 -160 -208.8 10 -15 350
54 0 0 0 -4.2 -160 -248.8 10 -15 350
54 0 0 0 -4.2 -160 -288.8 10 -15 350
54 0 0 0 42.8 -160 -208.8 10 -15 350
54 0 0 0 -51.2 -160 -208.8 10 -15 350
54 0 0 0 -4.2 -160 -128.8 10 -15 350
54 0 0 0 41.8 -160 -288.8 10 -15 350
14 1 16425 0 1903 -270 -7129.92 1 0 0
54 0 16384 0 -181.1 -159.7 -1062.32 10 -15 350
14 0 0 0 2685 -310 -7240 0 0 0
3B 1 49152 2 3523.53 70 -7453.87 2.1 -220 100
4A 0 0 0 3464.5 -160 -7516 0 0 0
3C 1299 9 0 3535 -192 -8900 3455 -160 -8560
3B 2 32768 2 1592.54 -280 -3279.16 2.1 -5 200
0 0 64740 0 1600 -233 -6007.5 2.1 5.84 200
0 0 64740 0 1660 -233 -6022.5 2.1 5.84 200
0 0 64740 0 1640 -233 -6022.5 2.1 5.84 200
0 0 64740 0 1620 -233 -6022.5 2.1 5.84 200
0 0 64740 0 1600 -233 -6022.5 2.1 5.84 200
0 0 64740 0 1600 -233 -5992.5 2.1 5.84 200
0 0 64740 0 1620 -233 -5992.5 2.1 5.84 200
0 0 64740 0 1640 -233 -5992.5 2.1 5.84 200
0 0 64740 0 1660 -233 -5992.5 2.1 5.84 200
0 0 64740 0 1660 -233 -6007.5 2.1 5.84 200
0 0 64740 0 1640 -233 -6007.5 2.1 5.84 200
0 0 64740 0 1620 -233 -6007.5 2.1 5.84 200
3A 0 26624 0 3365.85 -57 -7262.94 1.01 -50 45
3D 0 49161 0 3437.46 -82 -7627.08 100 200 400
8 0 49152 0 3205 -290 -7262 4.5 7.2 3
4A 0 0 0 3278.04 -160 -8218.56 0 0 0
54 0 16384 0 3320 -160 -8152 0 0 0
4A 0 0 0 3278.04 -160 -8276 0 0 0
4A 0 0 0 3278.04 -160 -8364 0 0 0
54 0 16384 0 3240 -160 -8344 0 0 0
54 0 16384 0 3320 -160 -8344 0 0 0
54 0 16384 0 3280 -160 -8296 0 0 0
54 0 16384 0 3240 -160 -8296 0 0 0
54 0 16384 0 3280 -160 -8344 0 0 0
40 0 33072 0 1917.55 -159.8 -4928.68 0 0 0
54 0 16384 0 3280 -160 -8152 0 0 0
54 0 16384 0 3300 -159.8 -8321 0 0 0
54 0 16384 0 3280 -160 -8200 0 0 0
54 0 16384 0 3320 -160 -8200 0 0 0
54 0 16384 0 3240 -160 -8200 0 0 0
40 0 40960 0 3722.7 -159.8 -8009.69 0 0 0
54 0 16384 0 3260 -159.8 -8176 0 0 0
54 0 16384 0 3300 -159.8 -8176 0 0 0
54 0 16384 65532 3280 -169.98 -8428 0 0 0
54 0 16384 65532 3240 -169.96 -8248 0 0 0
54 0 16384 65532 3280 -169.96 -8248 0 0 0
54 0 16384 65532 3280 -169.98 -8388 0 0 0
54 0 16384 65532 3240 -169.98 -8388 0 0 0
54 0 16384 65532 3240 -169.98 -8428 0 0 0
54 0 16384 0 3240 -160 -8152 0 0 0
54 5 16384 65532 3280 -169.99 -8102 0 0 0
54 5 16384 65532 3240 -169.97 -8102 0 0 0
54 0 16384 0 3280 -170 -8072 0 0 0
54 5 16384 65532 3240 -169.99 -8072 0 0 0
54 0 16384 0 3260 -159.8 -8321 0 0 0
4A 0 0 0 3278.04 -160 -8131 0 0 0
3C 1811 9 0 3465 -232 -8600 100 200 400
4 0 32768 0 1923 -290 -7168.9 4 4 0
3C 1811 32778 0 3530 -212 -8600 100 200 400
4A 0 49152 0 3548.04 -160 -7900 0 0 0
4A 0 49152 0 3548.04 -160 -7800 0 0 0
4A 0 2624 0 3721.24 -160 -7905.3 0 0 0
4A 0 49152 0 3548.04 -160 -8200 0 0 0
4A 0 49152 0 3548.04 -160 -8100 0 0 0
3B 1 49152 2 3393.53 70 -7453.87 2 -220 100
3B 20481 32768 3 2860 -74 -7257.61 2.5 -200 170
54 0 16384 0 3320 -160 -8296 0 0 0
3C 1811 32778 0 3420 -225 -8500 100 200 400
3B 1 32768 3 510 -40 -3280 1.8 -245 100
3B 1 49152 2 3463.53 40 -7353.87 2.1 -190 45
10 1 49152 2 3580.86 60 -8729.55 4.5 6.5 3
3C 1555 9 0 3425 -202 -8800 3430 -160 -8100
3D 0 49162 0 3454.54 -82 -8563.03 100 200 600
54 0 16384 0 3271 -87 -8739 5.5 5.7 3
3F 0 16384 0 3241 -87 -8913.5 5.5 5.7 3
3F 0 16384 0 3291 -102 -8873.5 5.5 5.7 3
3B 1 49152 1 3580.86 140 -8589.55 1.7 -210 300
3F 0 16384 0 3241 -102 -8873.5 5.5 5.7 3
54 0 16384 0 3241 -87 -8721.5 5.5 5.7 3
1 0 49152 0 2954.6 -283 -7270 30 0 6
3F 0 16384 0 3241 -102 -8841.5 5.5 5.7 3
3F 0 16384 0 3265 -102 -8841.5 5.5 5.7 3
14 1 16425 0 1903 -290 -7129.92 1 0 0
54 0 16384 0 3291 -87 -8983.5 5.5 5.7 3
54 0 16384 0 3291 -87 -9018.5 5.5 5.7 3
54 0 16384 0 3241 -87 -8983.5 5.5 5.7 3
54 0 16384 0 3241 -87 -8948.5 5.5 5.7 3
3F 0 16384 0 3265 -102 -8873.5 5.5 5.7 3
54 0 16384 0 3241 -87 -9018.5 5.5 5.7 3
54 0 16384 0 3261 -87 -9001 5.5 5.7 3
54 0 16384 0 3261 -87 -8966.2 5.5 5.7 3
3B 1 45059 2 2038.014 -159 -4586.437 2.5 0 90
A 0 49152 0 863 -220 -3321 4 0 0
A 0 35137 0 1866.5 -220 -7220 1 0 0
A 0 35137 0 1866.5 -220 -7260 4 0 0
53 1 29661 0 2056.296 -140 -4298.202 5 80 110
3F 0 16384 0 3291 -102 -8841.5 5.5 5.7 3
C 0 17144 0 1924.23 -246 -5889.88 4 -245 100
3F 0 16384 0 3291 -87 -8913.5 5.5 5.7 3
54 0 16384 0 3261 -87 -8778 5.5 5.7 3
54 0 16384 0 3261 -87 -8929.7 5.5 5.7 3
54 0 16384 0 3291 -87 -8795.5 5.5 5.7 3
54 0 16384 0 3241 -87 -8795.5 5.5 5.7 3
54 0 16384 0 3291 -87 -8721.5 5.5 5.7 3
14 1 49152 0 -20 -290 -3390 2.1 -194 144
54 0 16384 0 3291 -87 -8948.5 5.5 5.7 3
4A 0 49152 0 3548.04 -160 -8000 0 0 0
3B 1 49152 1 3690.86 140 -8729.55 1.7 -210 350
53 1 61484 0 3503.371 -141 -8924.859 205 80.4 5
14 1 16384 0 4214 -200 -10129 20 0 4
1 0 0 0 3419 -213 -9540 20 0 4
1 0 0 0 3506 -213 -9540 20 0 4
14 1 0 0 3533 -270 -10210.5 0 0 0
3B 0 49152 0 3459.729 -300 -9761.392 1.8 130 190
4A 0 0 0 3453 -159.8 -8923.72 0 0 0
3D 2 49163 1 3519.97 -71 -9335.39 100 300 500
38 12290 32768 1287 4103.07 -288 -10388.77 -370.2 -2 160
14 0 0 0 3533 -290 -10230.5 0 0 0
14 1 0 0 3533 -290 -10250.5 0 0 0
14 1 0 0 3533 -270 -10250.5 0 0 0
14 1 0 0 3533 -270 -10230.5 0 0 0
3B 1 32768 6 4160 -90 -10138.5 1.6 -130 350
38 12290 49152 1801 3833.07 -238 -10238.77 -210.2 -52 10
3C 1810 11 19 3460 -130 -10135.39 3465 -220 -9580
38 4098 0 1801 3983.07 -323 -9648.77 -410.2 33 -590
53 1 48884 0 3278.509 -140 -8365.089 100 80.4 5
E 1 16384 0 1464 -220 -6008 50 0 0
54 0 0 0 1883.02 -159.8 -4250 100 6 0
54 0 16384 0 3291 -87 -8759.5 5.5 5.7 3
4 0 32768 0 1943 -290 -7168.9 4 4 0
23 65531 33024 4 2149.997 -169.9889 -4385.004 0 0 0
23 0 16384 0 3749.234 -170 -9013.412 0 0 0
14 0 16384 0 3749.234 -170 -8993.412 0 0 0
25 0 0 0 3259 -170 -8967.23 -410.2 33 -590
4A 0 0 0 -82.26 -159.9 -651.11 50 0 0
53 1 14899 61580 -3.541174 -160.6011 -1943.645 290 100 5
12 2 16384 0 -166.9972 -134 -1509.003 0 0 0
53 1 156 0 -32.84921 -138 -651.5583 210 80 5
53 1 37476 0 -4.394547 -136 -354.2534 110 80 5
53 65535 4027 0 -3.783165 -143.652 -1162.103 110 100 5
4A 0 0 0 243.09 -170 -1630.69 50 0 0
53 1 16789 0 -237.3614 -146 -716.0511 110 100 175
12 1 16384 0 -168.3972 -132 -1600.003 0 0 0
45 1 16384 0 -168.5002 -170 -1600.002 0 0 0
53 1 14899 61580 32.10623 -149.6011 -1605.542 210 100 5
3 0 49152 0 756 -290 -3257.5 5.5 6 0
4 0 32768 0 1903 -290 -7168.9 4 4 0
3 0 49152 0 756 -290 -3297.5 5.5 6 0
3 0 49152 0 756 -290 -3277.5 5.5 6 0
42 0 49152 0 1717.003 -290 -3277.501 82 0.5 0
53 1 29661 0 1921.507 -140 -4157.899 110 80 5
53 1 29661 0 2125.902 -150 -4222.363 110 80 5
53 1 29661 0 2108.939 -150 -4347.808 110 80 5
4A 0 0 0 1921.92 -160 -4397.19 0 0 0
53 1 29661 0 1882.099 -140 -4801.405 110 80 6
53 1 29661 0 1954.138 -140 -4605.419 110 80 5
53 1 29661 0 1953.543 -140 -3755.317 110 80 5
53 1 29661 0 2058.477 -142 -4148.397 5 80 105
42 0 49152 0 3294.797 -290 -7261.499 60 0.4 0
53 1 48884 0 3549.062 -139 -8002.888 5 80.4 510
53 1 48884 0 3463.513 -139 -7515.184 100 80.4 5
53 1 48884 0 3717.231 -140 -7888.549 100 80.4 5
53 1 48884 0 3277.378 -140 -8130.413 100 80.4 5
53 1 48884 0 3277.598 -140 -8217.073 100 80.4 5
53 1 48884 0 3277.662 -140 -8276.089 100 80.4 5
1 0 49152 0 2954.6 -283 -7252 30 0 6
53 1 48884 0 3268.078 -133 -8672.681 100 180.4 5
53 1 16966 0 3459.054 -285 -9661.696 160 100 5
4 0 16384 55808 1686.8 -239 -6023.01 100 6 0
27 0 0 0 3237 -136 -8968 1558 -165 -6008
2F 0 59108 0 2058.018 -107.9999 -5260.02 0 50 0
54 0 49152 0 234.24 -170 -1614.66 2.5 0 -79
2F 0 48888 0 1783.957 -108.0022 -3266.065 0 50 0
2F 0 0 0 3328.027 -108 -7209.918 0 50 0
2F 0 0 0 3601.957 -107.9998 -9203.99 0 50 0
2F 0 14426 0 -140.0603 -108 46.10059 0 50 0
12 2 16384 0 -166.9972 -134 -1470.003 0 0 0
53 1 12290 0 -202.8985 -133 -1337.767 90 120 160
3F 0 16384 0 -222 -170 -1490.16 10 -15 350
3A 0 49155 4 1923.5 -191 -5636.39 1.01 20 290
0 0 49920 0 -221.3028 -163 -1478.631 0 0 0
0 0 49920 0 -221.3028 -163 -1458.631 0 0 0
0 0 49920 0 -221.3028 -163 -1498.631 0 0 0
0 0 49920 0 -221.3028 -163 -1518.631 0 0 0
0 0 49920 0 -181.3028 -163 -1518.631 0 0 0
0 0 49920 0 -201.3028 -163 -1498.631 0 0 0
0 0 49920 0 -201.3028 -163 -1478.631 0 0 0
0 0 49920 0 -201.3028 -163 -1458.631 0 0 0
12 5 49152 0 2089 -135 -3504 0 0 0
41 5 49152 0 2089 -170 -3504 0 0 0
3F 0 49152 0 2101.03 -170 -3613.29 100 6 0
51 0 16580 0 -200.1156 -81 -1547.94 23 1.4 0
12 6 49152 0 2089 -135 -3724 0 0 0
41 6 49152 0 2089 -170 -3724 0 0 0
3F 0 49152 0 2126.03 -170 -3613.29 100 6 0
3F 0 49152 0 2151.03 -102 -3613.29 100 6 0
0 0 30686 0 2119.552 -163 -3504.149 0 0 0
0 0 30686 0 2119.552 -163 -3484.149 0 0 0
0 0 30686 0 2119.552 -163 -3524.149 0 0 0
0 0 30686 0 2139.552 -163 -3524.149 0 0 0
0 0 30686 0 2139.552 -163 -3504.149 0 0 0
0 0 30686 0 2139.552 -163 -3484.149 0 0 0
0 0 30686 0 2099.552 -163 -3484.149 0 0 0
0 0 30686 0 2099.552 -163 -3504.149 0 0 0
0 0 30686 0 2099.552 -163 -3524.149 0 0 0
0 0 30686 0 2099.552 -163 -3724.149 0 0 0
0 0 30686 0 2099.552 -163 -3744.149 0 0 0
0 0 30686 0 2099.552 -163 -3704.149 0 0 0
0 0 30686 0 2119.552 -163 -3704.149 0 0 0
0 0 30686 0 2139.552 -163 -3704.149 0 0 0
0 0 30686 0 2139.552 -163 -3724.149 0 0 0
0 0 30686 0 2139.552 -163 -3744.149 0 0 0
0 0 30686 0 2119.552 -163 -3744.149 0 0 0
0 0 30686 0 2119.552 -163 -3724.149 0 0 0
1B 0 16384 0 1572 -220 -6068 50 0 0
1B 0 16384 0 1572 -200 -6068 50 0 0
23 0 0 0 -201.58 -170 -1806.59 0 0 0
2F 0 28292 0 133.8933 -108.0037 -1947.57 0 50 0
4 0 16128 0 2001.057 -164 -3615.685 10 0.6999997 0
4 5888 8192 63488 3867 -269.9 -10216 50 3 0
54 0 16384 0 3241 -87 -8759.5 5.5 5.7 3
4 5888 8192 63488 3842 -269.9 -10216 50 3 0
54 0 0 0 -42.1 -159.8 -1002.32 10 -15 350
40 0 30348 0 1639.038 -159.8 -4468.547 0 0 0
40 0 40960 0 3684.99 -159.8 -8203.9 0 0 0
40 0 40960 0 3632.147 -159.8 -8410.042 0 0 0
14 2 49152 0 0 -290 -3350 2.1 -194 144
14 1 0 0 20 -140 -1921.5 0 0 0
14 1 49152 0 -20 -290 -3350 2.1 -194 144
14 1 49152 0 -20 -290 -3370 2.1 -194 144
14 1 49152 0 0 -310 -3370 2.1 -194 144
14 2 49152 0 0 -290 -3390 2.1 -194 144
14 1 49152 0 -20 -310 -3390 2.1 -194 144
14 1 49152 0 0 -310 -3350 2.1 -194 144
14 2 49152 0 0 -290 -3370 2.1 -194 144
3C 1809 11 19 3460 -240 -9935.39 3445 -220 -9550
3C 1811 11 19 3360 -170 -10035.39 3405 -220 -9580
3C 1811 11 19 3560 -170 -10035.39 3485 -220 -9580
14 1 16384 0 4214 -220 -10149 20 0 4
14 1 16384 0 4214 -200 -10149 20 0 4
14 1 16384 0 4214 -220 -10129 20 0 4
38 4226 18713 1544 386.6 -274 -3403.59 -220 -36 34
14 1 0 0 3533 -290 -10210.5 0 0 0
54 0 0 0 43.8 -160 -168.8 10 -15 350
54 0 0 0 -4.2 -160 -168.8 10 -15 350
54 0 0 0 -53.2 -160 -128.8 10 -15 350
4A 0 0 0 3552 -159.8 -8923.72 0 0 0
4D 0 0 0 3505.999 -220 -9550.498 0 0 0
48 0 32768 0 2944.503 -294 -7229.841 4 1.490116E-08 0
48 0 49152 0 3715.999 -293.0021 -10229 4 -0.04999998 0
20 0 38912 0 3529 -219.9959 -9516.296 2 0 0
21 289 45056 256 -19.17274 -310.0002 -3349.99 15 0 0
20 0 53248 0 265.6943 -169.9959 -1759.974 2 0 0
21 33 26624 128 1516.097 -170 -4529.001 5 0 0
21 288 59392 128 1903.001 -290 -7129.909 5 0 0
21 0 59392 256 3687.323 -92 -9047.932 20 0 0
21 16 59392 256 3822.001 -160 -7948.999 10 0 0
21 17 26624 256 782.7068 -220 -3214.129 5 0 0
21 32 26624 256 2159.999 -170 -3394.355 5 0 0
46 0 49152 0 1622 -289.9 -3263 77 0.5 0
21 17 59392 144 3712.323 -240 -10121 6 0 0
48 0 32768 0 64.00079 -301.55 -3334.948 62 0.5 0
46 0 16384 0 3856 -269.9 -10245 60 0.3 0
49 0 12288 0 1674.399 -170 -3738.367 0 0 0
20 0 49152 0 110 -169.9959 -233.2959 1 0 0
46 1 0 0 1953.496 -269.9 -6004.002 40 0.1 0
4A 0 14480 0 -149.2 -170 -1890.1 50 0.6 0
4A 0 49152 0 288.3654 -170 -1682.01 50 0.6 0
4A 0 49152 0 288.3654 -170 -1782.01 50 0.6 0
30 0 16384 0 227.2724 -137 -1805.628 18 30 17
30 0 16384 0 167.37 -141 -1834.654 -8 20 5
3E 5 0 0 2127.001 -138 -3605.998 35 35 165
4A 0 0 0 213.16 -170 -1834.42 50 0.6 0
43 0 32768 0 274.6186 -170 -1827.812 50 0.6 0
55 0 0 0 -208.3085 -78 -1599.354 40 30 35
55 0 0 0 -184.003 -186.0022 -1325.003 97 120 130
55 0 0 0 2126.003 -77 -3616.998 40 30 35
3E 5 2 0 1776.355 -171.8445 -4626.836 35 60 36
3E 5 2 0 1633.476 -301.3 -6009.18 55 60 36
55 5 2 0 3259 -138 -8860.004 40 35 165
55 0 0 0 3259.16 -80 -8856.608 40 30 38
45 1 16384 0 -170.0019 -170 -1599.997 38 35 165
30 0 97 0 3259.005 -164.8 -8967.308 -2 0 -2
4A 0 48832 0 3587.999 -170 -7476 0 -5.736947E-07 0
3E 5 2 0 143.327 -145.3998 -585.7264 35 50 35
3E 5 2 0 1689.398 -111.3885 -3277.601 32 80 32
4A 0 16752 0 -143.21 -170 -351.03 50 0 0
4A 0 49456 0 2061.003 -170 -4896 0 -5.736947E-07 0
4A 0 16400 0 1836.416 -160 -4277.188 0 0 0
4B 49152 0 0 1923 -220 -5713.5 0 0 0
49 0 16384 0 -64.02 -160 -1061.2 0 0 0
47 0 0 0 1953.481 -219.9 -7293.695 10 0 0
4A 0 16752 0 -135.21 -170 -91.02 50 0 0
4A 0 0 0 -86 -170 -1942.64 50 0.6 0
30 0 16384 0 297.37 -141 -1734.654 96 20 0
55 0 0 0 3955.042 -295 -10136.74 250 50 30
4E 0 49152 0 111 -170 -253 0 0 0
4A 0 47280 0 2059.893 -170 -3324.627 0 1.490116E-08 0
4E 1 49152 0 3584.5 -70.00002 -7842.996 0 -5.736947E-07 0
41 2 16384 0 -171.0019 -170 -1489.997 38 35 165
4A 0 16752 0 -139.16 -170 -221.08 50 0 0
49 0 16384 0 -22.18 -158 -716.38 50 0.6 0
4A 0 0 0 87 -170 -1942.64 50 0.6 0
4A 0 51056 0 144.23 -170 -1886.49 50 0.6 0
42 0 0 0 43.5 -220 -2414 50 0.6 0
50 0 49152 0 564 -293 -3277.5 50 0.6 0
43 0 0 0 70.88 -220 -2433.74 50 0.6 0
21 17 59392 192 -166.6775 -170 -701.002 10 0 0
4F 0 0 0 -58.97 -297 -3302.58 50 0.6 0
4F 0 49152 0 261.12 -297 -3335.54 50 0.6 0
4B 0 32768 0 284 -298 -3313.5 50 0.6 0
4B 0 32768 0 314 -298 -3313.5 50 0.6 0
4B 0 32768 0 344 -298 -3313.5 50 0.6 0
50 0 49152 0 -36 -313 -3369.5 50 0.6 0
46 0 0 0 1820.499 -289.9 -6733.998 30 0.2 0
50 0 0 0 -93 -313 -2905.5 0 0 0
48 0 0 0 3004.504 -281.5596 -7296.052 61 0.5 0
4F 0 49152 0 2499.606 -297 -7227.433 0 0 0
50 0 49152 0 2702.5 -313 -7169.5 50 0 0
4A 0 16384 0 -71.9 -220 -2355 50 0.6 0
4D 0 0 0 43.49 -220 -2320.32 50 0.6 0
4D 0 0 0 -43.61 -220 -2320.32 50 0.6 0
48 0 16384 0 -34.6 -301.56 -2718 100 0.6 0
48 0 49152 0 34.6 -301.56 -2735.8 80 0.6 0
43 0 49152 0 1230.34 -277 -3243.49 80 0.6 0
4F 0 49152 0 1524.06 -277 -3243.43 0 0 0
4E 0 49152 0 294.33 -160 -1214.87 0 0 0
43 0 49152 0 567.6145 -277 -3243.521 50 0.6 0
42 0 0 0 -0.25 -310 -2464.5 0 0 0
46 0 0 0 14.61 -309.9 -2924.91 0 0 0
55 0 0 0 -207.0014 -143.9997 -1603.003 39 35 165
3E 5 2 0 3610.079 -172.5786 -7842.838 34 50 36
55 5 2 0 2101.997 -188 -3890.003 96 120 130
44 0 0 0 -185 25 -1325 0 0 0
49 0 12288 0 1701.77 -170 -3627.201 0 0 0
42 0 49152 0 905.5 -220 -3234 0 0 0
42 0 49152 0 905.5 -220 -3321 0 0 0
43 0 0 0 3427.482 -277 -9967.969 60 0.4 0
46 0 49152 0 2752.499 -309.9 -7154.504 30 1.490116E-08 0
48 0 32768 0 3204.504 -281.5596 -7226.897 60 0.4 0
48 0 16384 0 1888.398 -281.5474 -6978.996 61 0.3 0
4A 0 49408 0 2059.003 -170 -5026 0 -5.736947E-07 0
42 0 0 0 -43.5 -220 -2414 50 0.6 0
50 0 0 0 1835 -293 -6484 50 0 0
4E 0 0 0 1806.996 -170 -4829.002 0 0 0
4E 0 0 0 1816.024 -145 -4200.103 0 0.5999994 0
4D 0 49152 0 815.0015 -220 -3320.995 0 0.5999994 0
50 0 49152 0 1227 -293 -3277.5 0 0 0
4A 0 16400 0 1836.416 -160 -4537.188 0 0 0
4A 0 16400 0 1836.416 -160 -4407.188 0 0 0
3E 5 2 0 3265.996 -134.6172 -7261.001 32 100 32
42 0 49152 0 1992 -220 -7214.5 50 0 0
4B 49152 49152 0 1995 -220 -7279.5 50 0 0
4B 49152 49152 0 1995 -220 -7244.5 50 0 0
4B 49152 49152 0 1995 -220 -7261.5 50 0 0
42 0 49152 0 1992 -220 -7307.5 50 0 0
4A 0 0 0 1923.07 -220 -7331.7 50 0 0
4A 0 16384 0 1853 -220 -7261.5 50 0 0
43 0 49152 0 2306 -297 -7295.53 50 0 0
4E 1 0 0 140.05 -70 -556.1 0 0 0
4D 0 49152 0 815.0015 -220 -3233.995 0 0.5999994 0
50 0 0 0 1923 -293 -6779 50 0 0
46 0 49152 0 2402.497 -309.9 -7247.002 80 0.4 0
48 0 16384 0 1888.497 -281.56 -6287.997 60 0.5999994 0
50 0 49152 0 2302.5 -313 -7261.5 50 0 0
50 0 0 0 -0.004217252 -132.9999 -1970.504 0 0 0
4B 49152 49152 0 918.1 -220 -3259.5 0 0 0
4B 49152 49152 0 918.1 -220 -3277.5 0 0 0
4B 49152 49152 0 918.1 -220 -3295.5 0 0 0
42 0 0 0 1873 -160 -5235 0 0 0
42 0 0 0 1970 -160 -5235 0 0 0
4E 0 0 22 1633.095 -160.0586 -3995.371 0 0.5999994 0
4B 49152 0 0 1904 -160 -5235.17 0 0 0
4B 49152 0 0 1922 -160 -5235.17 0 0 0
4B 49152 0 0 1940 -160 -5235.17 0 0 0
43 0 0 0 1869.02 -277 -6587.34 0 0 0
4F 0 0 0 1868.99 -277 -6681.09 0 0 0
4F 0 0 0 1957.01 -277 -6981.17 0 0 0
4B 0 49152 0 2904.5 -293 -7234.5 0 0 0
4B 0 49152 0 2904.5 -293 -7252.5 0 0 0
4B 0 49152 0 2904.5 -293 -7270.5 0 0 0
4B 0 49152 0 2904.5 -293 -7288.5 0 0 0
4D 0 49152 0 2974.003 -290 -7247.002 0 0 0
30 0 16384 0 274.37 -141 -1834.654 -8 20 5
55 5 2 0 3283.002 -191 -8580.002 97 120 130
42 0 0 0 3506 -220 -9641 0 0 0
42 0 0 0 3419 -220 -9641 0 0 0
4B 49152 0 0 3480.5 -220 -9652 0 0 0
4B 49152 0 0 3462.5 -220 -9652 0 0 0
4B 49152 0 0 3444.5 -220 -9652 0 0 0
47 0 49152 0 3616.001 -289.5 -10216 80 0.6999998 0
46 0 0 0 3448.004 -290 -10064.49 80 0.4999998 0
46 0 0 0 3476.995 -289.9 -10015 30 0.2999998 0
48 0 0 0 3616 -281.5495 -10265.05 60 0.2999998 0
50 0 0 0 3462.5 -293 -9964.5 0 0 0
4F 0 0 0 3496.513 -277 -10061.61 30 0.2 0
46 0 49152 0 3745.999 -239.9 -10153 30 0.2 0
4D 0 0 0 3418.999 -220 -9550.498 0 0 0
50 0 49152 0 3516 -293 -10230.5 0 0 0
20 0 16384 0 3261.224 -170 -8745.117 1 0 0
4B 49152 0 0 3446.797 -160 -9180.004 0 0 0
4B 49152 0 0 3463.797 -160 -9180.004 0 0 0
4B 0 32768 0 3816 -248 -10174.51 0 0 0
4B 0 32768 0 3846 -248 -10174.51 0 0 0
4B 0 32768 0 3876 -248 -10174.51 0 0 0
42 0 0 0 1966.5 -220 -5704.5 0 0 0
42 0 0 0 1879.5 -220 -5704.5 0 0 0
4B 49152 0 0 1941 -220 -5713.5 0 0 0
4B 49152 0 0 1905 -220 -5713.5 0 0 0
4F 0 0 0 1957.04 -277 -6190.06 0 0 0
4F 0 49152 0 3006.6 -277 -7227.51 0 0 0
4A 0 49152 0 4351 -220 -10138.5 0 0 0
4A 0 0 0 4278.5 -220 -10210 0 0 0
4A 0 32768 0 4278.5 -220 -10067 0 0 0
42 0 49152 0 4219.5 -220 -10095 0 0 0
42 0 49152 0 4219.5 -220 -10182 0 0 0
4D 0 49152 0 4225 -220 -10138.5 0 0 0
4F 0 49152 0 3893.13 -227 -10104.47 0 0 0
4A 0 16384 0 3391 -220 -9582 0 0 0
48 0 0 0 4014 -231.6 -10173 70 0.5 0
48 0 32768 0 3896 -231.6 -10103.9 70 0.5 0
21 16 59392 208 -44.67816 -218 -2318.075 10 0 0
42 0 0 0 3419.003 -160 -9173.003 0 0 0
4A 0 49152 0 1994.5 -270 -6005.5 50 0 0
4A 0 49152 0 1994.5 -220 -5645.5 50 0 0
4A 0 16384 0 1851.5 -220 -5645.5 50 0 0
4D 0 0 0 1879.5 -220 -5610 50 0 0
4D 0 0 0 1966.5 -220 -5610 50 0 0
4B 0 16384 0 1691.5 -243 -5981 50 0 0
4B 0 16384 0 1691.5 -243 -5999 50 0 0
4B 0 16384 0 1691.5 -243 -6017 50 0 0
4B 0 16384 0 1691.5 -243 -6035 50 0 0
4D 0 49152 0 1933 -220 -7261.5 50 0 0
49 0 32768 0 62.54 -160 -465.27 60 1 0
4B 49152 0 0 3480.797 -160 -9179.996 0 0 0
48 0 49152 0 -58.4 -301.55 -3156 110 0.7 0
4D 0 0 0 -78.57 -310 -2976.69 110 0.7 0
46 0 0 0 -107.5 -309 -3055 100 0.5 0
48 0 16384 0 -127.6 -301.56 -3305.5 60 0.4 0
46 0 49152 0 1427 -289.9 -3292 88 0.6 0
47 0 49152 0 1327 -289.9 -3263 82 0.5 0
4F 0 0 0 34.11 -297.11 -2852.6 50 0.6 0
50 0 49152 0 3736.003 -273.0002 -10230.5 60 0.3 0
46 0 49152 0 263.9968 -309.9 -3383.996 80 0.6 0
47 0 49152 0 333.9996 -309.9 -3354.999 0 1.490116E-08 0
4D 0 49152 0 335.9031 -290 -3292.001 0 1.490116E-08 0
4E 1 16384 0 -178.55 -87 -1765.2 0 0 0
4A 0 32768 0 846.4966 -220 -3205.997 0 1.490116E-08 0
44 0 32768 0 2104.02 25 -3889.13 0 0 0
4D 0 0 0 1849.497 -290 -6554.998 0 0 0
4D 0 49152 0 2771.996 -310 -7184.001 0 0 0
44 0 0 0 3286 24.5 -8581 0 0 0
4D 0 49152 0 3865.995 -240 -10153 0 0 0
4E 0 0 0 1808.996 -170 -5154.002 0 0 0
42 0 0 0 3511.003 -160 -9173.003 0 0 0
4E 1 49152 0 2097.347 -87 -3454.599 0 0 0
48 0 0 0 2452.497 -301.5501 -7296.098 110 0.5 0
46 1 0 0 1892.477 -219.9 -7260.999 43 0.09999943 0
4A 0 48832 0 3582.999 -170 -7314 0 -5.736947E-07 0
4A 0 48832 0 3592.999 -170 -7638 0 -5.736947E-07 0
4E 0 0 0 3353.886 -160 -7845.841 0 -5.736947E-07 0
46 1 0 0 1892.504 -269.9 -5968.003 0 1.490116E-08 0
4E 1 32768 0 3763.342 -170 -9087.505 0 -5.736947E-07 0
4A 0 49408 0 2052.003 -170 -5155 0 -5.736947E-07 0
4A 0 144 0 -207.0345 -170 -1834.827 50 0.6 0
4A 0 16384 0 -252.7214 -170 -1781.366 50 0.6 0
20 0 27011 0 1856.245 -270 -5938.815 2 0 0
48 0 32768 0 313.0008 -313.8 -3337.948 10 1.490116E-08 0
